1.10743 1.2215
8.83853 9.93975
1.65184 8.87473
9.9557 3.28564
0.183361 6.82172
9.99778 5.16362
1.11654 3.66134
9.68055 8.65309
9.51793 0.476237
2.09735 9.2132
6.95347 0.422622
4.81074 9.02521
6.66563 9.27159
3.90246 0.0311288
1.50402 8.34087
9.86338 3.48314
1.47125 4.26016
9.78403 7.50969
7.10837 9.01113
3.04513 1.49272
7.04827 0.786599
3.66482 9.00621
0.537489 7.19828
9.12079 4.31614
0.416105 6.45534
9.6278 7.42348
4.77589 0.598225
5.68644 8.15747
3.53344 1.30784
6.39527 8.31917
3.6469 8.62907
6.61442 2.93079
8.91464 4.27541
3.26986 7.22408
4.80493 2.6441
5.87275 7.5821
