8.06482 0.334796
2.87759 9.99044
0.815099 8.58891
9.0489 1.34304
9.89183 7.90126
1.47943 0.453582
0.62006 4.6385
9.61339 2.8085
7.08455 9.98336
6.42185 0.608406
9.2471 5.18623
0.100524 2.57822
3.33406 0.90348
7.9314 9.4301
9.65621 7.60394
0.23141 0.454429
1.85953 0.779255
9.82981 8.60285
1.50237 3.76751
9.55633 4.21176
8.85328 5.50775
0.0874799 1.21257
2.63012 8.1947
7.54768 1.71816
3.76262 1.15636
7.002 8.33627
8.17531 2.29212
2.51129 7.07258
8.54663 2.87785
3.6719 5.4666
7.32488 6.41581
3.31183 1.8421
