1.60877 0.619132
7.19546 9.7921
0.266497 2.992
9.89541 9.84902
9.86803 1.08508
1.50438 9.64225
1.41441 6.77659
9.9941 5.31854
4.59521 9.64993
5.56356 0.0348841
0.487605 2.4873
8.18716 9.48312
8.28973 1.27785
2.88671 9.38774
9.81063 2.29165
2.09195 7.9619
2.59925 1.81646
6.37862 9.67877
9.52331 7.77776
1.48623 4.75414
4.53197 9.25214
7.41343 1.23441
2.12295 9.15959
7.88188 2.25926
2.74033 6.78141
9.66415 2.92857
3.11321 2.81367
6.11892 9.53155
4.04874 7.77155
7.81596 1.42155
5.87884 9.21828
5.21727 2.97933
