0.650446 1.7867
9.66483 6.81253
1.49844 0.651818
8.33078 8.35856
5.32815 0.327575
4.61757 9.65437
6.3982 9.40404
3.50222 0.324673
0.358517 6.9674
9.78398 1.05996
8.51539 1.21203
0.924737 9.08079
1.37154 3.29496
9.92788 6.13452
8.5364 7.35102
1.57042 0.932098
2.355 8.60245
6.57485 0.784222
4.74739 8.59443
3.81991 0.20117
6.38412 9.14464
2.84311 1.12039
2.49747 8.13502
6.84441 1.71272
5.36215 1.08567
3.19535 7.97001
7.51611 1.80293
2.73984 7.52015
2.59929 3.96814
8.12972 2.79017
6.76781 5.43392
1.66277 1.13312
