9.53826 1.15872
1.61878 9.83239
1.59759 1.46097
9.68915 9.04164
9.93477 6.88236
0.0782783 3.19368
9.89476 7.3485
0.113552 2.7671
5.00913 0.155583
8.47551 9.8834
3.78284 1.35503
8.95549 9.56349
0.238239 9.70012
9.27645 2.12232
0.379226 9.05678
9.68981 4.45591
1.62739 4.99833
9.94703 5.39999
0.824719 3.9173
9.61189 6.5464
3.02062 8.81789
9.37481 0.420781
8.83625 0.507288
4.82745 8.6567
3.93403 1.80431
9.41132 8.93308
9.34542 7.22962
2.15803 3.45899
6.31249 3.42475
7.77404 8.81216
8.33799 6.31783
2.5645 3.93414
9.00622 7.94778
4.90239 4.67968
