3.65808 8.98776
6.22453 0.0192918
9.34974 8.25124
1.03309 0.957221
0.72981 8.77402
8.92711 1.32084
9.87131 7.6146
0.894856 1.54835
2.76544 8.77479
6.77919 0.111001
0.900053 7.14575
9.49628 3.10359
5.43995 8.83372
4.28367 0.0898339
2.408 1.29099
8.65922 9.10793
0.357057 2.75369
9.47304 7.30692
9.27839 4.32549
1.60176 5.14201
5.99275 8.19743
3.62757 0.118622
1.37722 4.05806
8.85023 5.38345
9.11817 3.5652
1.8113 6.52974
9.36851 7.78564
2.91795 2.72193
6.08866 2.14754
2.87003 8.09351
3.92337 1.91213
7.13424 7.9805
5.42956 1.67493
4.32199 7.69136
4.19661 1.61927
5.70396 7.73792
3.48731 6.4875
5.53868 4.34894
