9.04647 0.317601
1.68488 8.70564
7.90851 9.68001
1.92227 0.324838
8.79141 8.0717
0.32284 2.20328
2.99049 9.52483
7.50036 0.350133
0.748025 3.55565
8.91335 6.74722
0.397916 5.78788
8.55685 3.80636
0.377704 5.4076
8.61186 4.43617
1.25399 1.00253
8.30208 8.05461
1.50989 8.44483
8.38406 1.24633
2.06067 0.454856
6.61831 8.57791
3.99239 9.03378
6.47114 1.14021
4.38037 1.73393
5.09955 9.23853
7.56841 8.13185
1.93034 0.514822
1.23743 4.59634
8.5616 4.75411
1.30322 7.00984
7.45295 2.32203
5.62324 8.70114
3.82477 2.08711
1.28914 3.71535
7.68062 6.56925
6.63737 1.49784
4.48256 6.56823
