0.276123 2.08846
9.4628 9.91963
7.97156 9.96026
1.17613 0.568326
0.0576551 9.61614
9.26475 2.23196
0.250486 2.32428
9.94562 8.42049
1.81402 9.92274
6.7961 0.405594
0.63768 9.2404
8.68491 1.5397
5.23666 9.21006
5.26192 0.0477396
6.51874 0.882753
2.5531 9.66571
1.49463 0.6176
6.9036 8.8182
8.09879 1.7085
2.00486 9.50401
1.52233 4.73043
9.29103 6.61781
9.96223 3.83896
1.95297 6.17782
0.591922 2.56244
8.05416 6.53609
4.195 1.27072
5.75168 8.07356
5.25371 8.17896
4.90398 0.813426
7.14052 3.84975
0.768651 9.10292
8.61957 6.00241
2.95454 5.45652
7.59941 8.42038
2.92793 3.36931
