9.55281 0.441099
0.989525 9.69151
1.43483 0.0803651
9.80659 9.96311
9.81135 8.49409
1.10907 0.734437
0.353509 6.76587
9.44339 3.01157
6.0003 0.516828
3.71681 9.94529
9.29786 6.83495
0.287939 4.01401
5.9953 8.67034
3.87585 0.488461
0.296356 4.85609
9.2084 6.55772
8.38983 0.0610986
3.80018 8.45882
7.03513 8.11057
2.2154 0.0764567
1.53262 6.89501
8.47794 2.08738
2.22462 1.96435
9.63692 7.50362
5.76539 0.855013
4.231 8.54283
9.20427 8.20926
2.3063 1.67656
7.55813 3.59816
1.73718 6.75333
4.53351 1.90444
5.17357 7.35521
