3.52323 0.538784
7.43547 9.95456
9.69077 6.17473
0.977714 4.61193
0.307161 6.79854
9.68753 4.66466
4.0702 9.9232
5.67354 0.678913
0.937655 8.28742
8.40902 3.30001
7.31663 0.594902
1.58382 9.22745
1.61038 2.96107
9.30813 7.11182
0.671709 7.00091
9.16129 4.30372
6.94468 1.83842
1.22245 8.47434
4.28728 1.6443
4.84663 8.57501
1.96943 3.63593
9.27358 6.10336
1.7335 8.67017
6.65851 1.66456
1.40107 8.23305
7.32869 2.69402
3.56186 3.04911
6.75782 8.18366
5.27918 2.30128
4.43529 8.33578
3.81686 8.48872
5.45241 3.12943
