9.69309 2.2314
0.267308 8.47691
9.88342 7.37047
0.106905 4.12472
1.03233 9.4608
8.65099 0.602418
9.36117 8.09515
0.283332 3.08046
3.49355 9.66273
5.31301 0.33827
0.298054 4.50896
9.97472 5.65335
0.86437 0.0451714
7.74131 9.81736
9.67489 3.1282
0.339708 7.34101
0.838027 1.93327
8.84249 9.08126
4.9185 0.976081
6.12074 9.83654
1.60723 1.47065
7.74198 9.60834
8.21937 0.906737
2.19732 8.17686
0.431724 6.51398
7.97612 4.56816
9.66052 7.53437
2.26888 4.18477
8.10252 8.21558
3.22335 4.32613
5.8478 4.49031
1.20414 9.04997
