9.91168 4.71621
0.318145 4.19953
0.830758 9.34098
9.59353 0.460684
9.11795 9.47226
1.85955 0.484654
2.74755 9.90121
7.03224 0.276111
7.13526 9.16846
2.80686 0.3547
8.9291 1.9451
0.0691506 6.55739
4.17175 8.92614
3.83273 0.205557
1.28142 2.53309
9.06642 5.98171
1.94927 1.32089
9.58528 7.75026
8.06175 0.216958
1.2394 9.26299
1.30759 4.85435
9.30089 3.11372
3.78671 8.33486
4.43059 0.273548
8.15288 2.29255
1.5654 6.97486
1.63772 5.31831
8.37409 2.47039
7.71118 5.47117
2.22006 2.13085
3.11316 2.02181
6.17183 6.68456
