1.43095 0.556992
8.82745 9.86432
8.63892 0.163195
0.649557 9.77351
9.73242 6.08277
0.260443 5.02975
9.41517 9.23116
0.351448 1.42371
0.686737 8.12416
9.50669 0.339025
5.67917 0.0157272
4.08342 8.94844
9.94007 3.09261
0.48691 7.01042
0.277117 3.30976
9.02403 6.65529
7.25621 0.661804
3.98551 8.50986
5.90453 7.83143
3.1452 0.689974
7.96681 1.45789
2.29496 7.62923
5.83201 7.50726
2.26214 0.975386
9.51118 5.93416
1.72865 6.15444
5.41832 1.86905
4.14462 8.39653
8.81716 6.09353
1.51481 5.01285
6.05342 3.87106
0.779306 7.89276
6.62254 7.11068
2.68926 1.76707
6.11542 6.23694
0.414559 2.09743
3.98058 0.654744
5.08459 6.19082
