9.16066 0.134814
0.162623 8.37439
5.72096 9.54764
2.64718 0.158395
9.07883 9.73609
0.0806191 1.18152
6.91364 0.17534
2.59357 8.67241
9.3642 2.64512
0.608476 5.74122
2.31882 0.84301
6.5346 9.35238
9.04994 0.636742
0.604841 6.89113
3.87955 9.08123
6.46764 0.43985
0.910293 4.67564
9.67739 4.75613
9.86337 8.90452
0.941183 3.18956
4.54421 9.37969
5.0839 0.883271
0.960533 4.52285
9.67241 5.53357
0.175948 1.17198
7.30518 8.32965
1.41226 7.88933
8.34648 0.692322
8.16366 8.34063
0.593589 2.03207
3.4272 1.37832
4.86005 9.13271
2.0635 4.13345
9.69691 6.90675
8.75637 4.4508
2.69814 4.87877
