0.239415 9.06199
9.73197 1.44681
1.24875 1.02031
8.09656 8.82355
5.23727 9.86423
5.32131 0.448695
9.61749 8.16079
1.18356 1.65031
9.8631 3.51708
0.783341 7.19571
9.29009 5.4425
0.759513 2.54382
7.35882 9.07983
2.60111 1.5596
9.71739 2.00619
1.02479 7.69301
9.00665 0.946058
1.57072 8.26042
8.08116 1.22708
3.64381 8.50196
1.30173 2.67497
9.19731 7.49667
1.58253 1.82046
7.89863 8.24912
2.52465 1.6568
7.30558 8.53034
1.59707 6.93382
9.54266 3.14007
6.88622 2.34003
4.23619 8.80139
6.58457 7.94041
4.08088 1.73476
4.35518 1.75162
5.79716 7.65609
2.44542 3.51778
9.4509 3.89425
