1.56386 8.75946
8.43001 0.0745044
9.93525 0.284168
0.800981 8.21721
0.232872 3.602
9.87323 5.32534
2.57463 0.518619
9.43348 8.08998
1.13748 0.764972
9.78935 5.80866
5.26202 0.4788
5.78358 9.51074
0.355863 7.7628
9.16975 1.42919
6.81834 0.662237
3.64678 9.26151
6.1413 0.615787
3.89758 9.15923
8.36925 9.35161
3.68055 0.767341
9.42405 5.57211
1.02091 0.94728
9.64457 5.17922
0.475533 6.45955
7.96411 2.444
0.604626 7.52631
8.90756 4.65772
0.809612 6.41477
1.65626 8.8265
6.55803 1.95164
2.78643 6.32738
8.65821 1.46178
4.6721 2.59755
8.17183 7.9771
