9.65196 7.19751
0.480264 3.13007
0.50729 8.8896
9.83382 1.10334
0.531498 0.801021
9.13768 7.8295
7.79588 0.658748
2.58947 8.76207
9.88705 1.54577
0.586789 7.28729
6.67266 0.592424
3.27392 9.64933
2.18615 8.59957
9.47308 0.70067
4.81637 8.55577
3.89179 0.0336001
9.3438 4.55839
0.693349 4.23856
8.00164 9.34605
3.08219 1.579
1.56545 1.09495
8.68631 7.70055
1.60557 2.1696
8.98996 7.20746
9.48424 3.50722
1.68554 6.55699
9.33706 3.63201
1.71869 4.95834
6.89366 0.759089
3.45487 7.85999
7.90705 7.65507
3.66283 2.93847
8.03189 7.00207
3.48776 3.13359
