2.76752 9.55453
9.58278 1.00299
9.73959 9.67017
0.197738 0.106102
8.24642 0.715171
4.63664 9.72764
0.736577 9.29065
9.50002 4.31695
0.337659 4.04431
9.51787 8.18112
5.88024 0.284918
6.55319 9.33158
3.79762 0.231956
8.78498 9.71981
9.3037 6.06519
1.38381 5.61655
9.04302 5.29878
0.436631 8.42094
9.23637 9.83127
3.94178 1.62081
9.51246 2.1217
3.04776 8.53492
9.12021 0.552718
4.76634 8.96676
3.88393 3.19657
8.5914 8.728
8.09177 2.6882
3.86243 8.48069
7.91334 5.28601
0.494153 8.41955
6.77367 1.25314
6.14702 6.86379
4.2542 6.80949
7.74702 5.8381
