1.89052 0.0452312
8.05337 9.42011
7.52275 0.96748
0.65835 9.83624
0.0365203 6.79532
8.95005 4.60279
0.391387 0.479935
9.81221 8.48742
9.43592 3.00236
0.567349 7.70002
6.95376 0.340841
2.82383 9.87939
4.53296 9.64073
5.4757 1.58585
0.765884 2.86139
9.90756 8.35182
7.0637 2.3857
0.32648 9.24532
8.88407 6.69542
0.992257 5.08218
6.47819 9.13483
3.42519 2.03698
7.86099 3.07867
0.459017 9.05734
0.866849 6.60625
8.65803 3.74445
1.32357 4.64546
9.11915 7.5692
7.80549 5.4171
0.66446 6.52737
5.85788 8.15216
4.79474 2.41286
3.71945 3.28966
6.87654 7.44697
