0.730306 9.83515
8.86176 0.243759
7.32609 8.15243
0.626292 1.53966
0.624151 8.5637
9.16139 1.44272
0.438821 3.70195
8.96998 6.5375
4.75921 9.62169
1.2957 1.34442
4.25427 9.60228
3.20383 0.17346
7.82124 0.245372
1.89939 9.68969
7.40099 7.63489
0.443877 2.96005
8.94213 2.55517
0.3253 7.10263
2.45811 9.50151
5.79996 0.59556
2.73058 0.741113
4.28404 9.44448
9.86309 5.11674
1.54855 6.09733
1.59723 5.45611
9.45603 5.78791
4.41765 9.2917
2.26144 1.87166
1.57916 3.03661
6.61785 7.27932
6.65103 3.37198
0.989722 8.37355
4.22244 2.05008
3.31788 8.24244
3.07553 8.0466
4.1665 2.81681
2.26224 4.27175
5.35697 5.81442
