3.63662 0.545898
8.56588 9.60097
0.697124 2.80376
8.97537 6.79869
1.54716 7.69703
9.4772 0.599179
9.64885 4.01762
0.203779 5.33719
4.65831 0.990909
5.94742 9.59805
2.9681 8.56438
7.98269 1.36174
7.68845 7.53017
1.58936 0.309304
8.50409 3.42743
1.52325 6.23361
5.23612 1.45979
5.16044 8.98603
7.75861 1.75248
2.42762 8.00169
6.36507 1.67065
4.06448 8.34152
0.37769 0.810502
7.18793 6.61731
6.26166 9.43879
4.81648 2.067
1.69488 1.13683
6.92104 6.53991
8.97298 4.7753
3.18358 4.1351
1.91617 2.22502
6.80638 5.84324
