0.599842 9.48648
9.70755 0.00738328
0.308105 0.364278
9.76546 9.86494
4.14258 0.458491
4.65327 9.32228
0.10204 6.53693
8.86054 3.7926
0.611058 4.24232
9.87288 6.01157
2.85806 1.21363
6.97436 9.56807
9.68444 0.0636361
0.125462 7.56117
2.39214 9.18514
6.19475 0.96616
5.0571 0.457219
3.2805 8.57672
1.19669 5.4045
9.25561 4.53012
0.0773656 7.2585
8.04635 2.21584
1.61208 5.25776
9.39734 5.33013
5.61261 2.34154
1.36397 9.14915
7.72831 4.0754
0.184009 6.85166
6.69326 5.53505
0.197551 1.5824
3.9821 8.34866
4.33058 2.5752
3.43094 3.43516
8.7171 9.33835
5.90185 7.46795
3.54159 2.09493
7.9129 5.42923
2.92463 5.13307
