9.14472 8.93927
0.71907 0.0445119
9.60991 7.48069
0.0346757 2.67515
2.12303 9.20657
9.34377 0.549799
5.74101 0.173846
6.74199 9.11831
9.89683 3.25001
1.6874 6.62695
8.22524 0.698979
2.57066 9.62347
9.67361 2.45098
2.09378 8.12535
6.74069 0.551778
5.09881 9.12256
7.59344 0.133081
4.1573 8.37778
1.19812 3.04517
8.99223 7.29345
0.876496 3.41164
8.13821 5.59221
9.36403 3.20542
3.30787 6.33403
7.42485 6.5812
1.97483 3.27036
7.14388 8.35521
5.97403 3.25251
5.17432 7.18179
6.37481 2.52598
6.85127 2.00757
4.59195 6.47491
