0.0922562 1.59331
9.33272 7.73295
0.198908 8.10676
9.43526 1.0163
0.896056 0.997028
9.15824 8.61862
1.38019 0.887772
8.18576 9.77723
0.270793 9.38747
8.41396 0.767825
0.452936 5.93229
9.92948 4.36086
2.56127 8.73664
8.04555 0.258503
6.16461 8.17978
6.03264 0.935357
9.33979 5.40844
1.51469 4.88374
6.62371 8.11551
4.43778 1.60869
7.90894 7.02847
1.21468 2.08048
7.7951 4.07053
1.14364 6.75381
7.11144 2.18564
0.473364 8.14068
8.43974 5.26514
1.33147 5.6061
0.825883 2.19372
7.46951 6.31168
6.7628 1.89835
3.96451 7.61769
7.61625 8.14891
2.43383 2.37512
1.41134 3.31599
7.27564 5.63401
8.04874 0.975275
3.75137 5.83075
