9.91731 5.51496
0.000994717 3.91574
5.07659 9.58328
3.1698 0.307331
9.75246 9.35856
0.145337 2.3474
9.95821 0.628323
0.824377 6.93548
8.10252 9.25091
0.845483 1.82118
9.91503 5.24448
0.477223 5.06098
1.34873 9.49707
5.79843 0.55424
1.38249 8.66366
9.36161 0.484806
9.84105 3.34662
0.716215 5.94629
4.87038 9.08282
3.38648 0.317358
9.23983 0.835582
0.964623 7.19147
1.00211 0.72044
6.50267 8.24114
3.43786 8.59628
4.7468 0.505855
7.50829 0.858795
1.5801 8.98632
5.11245 9.13676
3.29318 1.4096
9.07233 2.67416
3.16257 5.30706
5.37276 7.10053
3.08579 2.88793
6.03356 4.65084
2.06166 5.13946
