0.449398 0.391298
8.75607 9.82809
6.21268 0.0888479
3.57316 9.61042
9.41851 0.692192
0.934255 9.49424
9.1965 8.03608
0.490245 1.53192
2.80422 8.83497
8.4601 0.269224
9.1726 6.64202
0.388282 2.61719
6.3929 9.42505
1.21481 0.252085
5.11114 9.89593
5.63869 0.736686
1.79584 0.390012
5.89438 9.6418
0.0361057 4.09027
8.65042 4.34941
9.74499 1.494
2.04396 6.40475
3.00148 8.81654
7.96505 0.906194
1.13555 4.40289
9.45141 2.95185
6.2228 1.30326
3.65597 9.20556
9.45243 2.16711
2.17121 5.11613
6.76683 6.3205
0.977845 1.69647
6.64054 4.84865
0.391622 3.33432
2.01869 2.99948
6.59118 5.90165
6.38322 5.73739
2.73908 3.6848
