8.4201 0.201236
0.939202 9.78277
0.840083 5.76625
9.76487 5.64886
9.70613 9.95925
0.71991 0.126605
3.66024 1.04461
5.26814 9.3987
9.66833 0.77433
1.51457 8.03666
4.34676 9.24472
5.939 0.799086
9.68344 6.85475
1.71577 4.18322
1.84589 3.80476
8.67595 7.78262
1.99998 2.93912
8.44587 7.87716
9.57699 6.10062
2.13291 5.01701
2.0491 7.74006
6.93254 2.3053
4.82836 7.71392
4.54603 1.94679
5.96823 7.21368
3.67831 1.59292
7.14567 3.84654
2.67869 6.18422
2.65813 2.35628
6.98799 6.97393
3.72446 4.94325
9.4172 6.53724
