0.844595 8.2228
9.61772 2.06079
1.09018 1.57589
9.6279 8.58789
9.74873 7.28964
0.087274 4.79346
7.9661 0.313087
3.02059 9.79682
6.36992 9.11549
4.55511 1.12286
1.70749 8.23983
9.07967 0.75787
9.51729 8.37617
0.90675 3.51776
0.465258 6.92282
8.42129 4.69379
9.284 1.90989
1.92703 7.87618
1.10916 1.50772
8.72646 7.94645
6.33755 1.74897
6.00622 9.23873
3.55816 1.69411
7.27268 7.71733
8.03022 6.37441
1.56098 6.17047
2.29207 7.18591
8.53705 2.95189
9.01179 0.113664
4.28335 7.36877
1.83867 4.84777
7.63776 6.83296
6.07009 8.08686
4.89166 2.45975
6.31277 7.15003
4.61241 2.34023
