0.821573 8.87385
7.77586 0.638879
9.12724 9.68616
2.25734 0.0296477
0.187341 2.57563
9.41219 6.56743
0.103315 6.60191
9.894 2.10371
9.6509 1.86315
0.670327 6.9633
6.32629 0.478783
4.55448 8.49201
9.0805 4.46644
0.168803 5.10736
6.84199 8.45775
4.18088 0.528206
1.36378 1.57861
9.14126 8.82167
9.6844 2.3281
0.347738 5.28121
8.52616 9.35165
3.54128 1.37584
9.48932 5.56431
0.993822 4.76751
7.99771 7.03823
0.583019 1.71364
8.14371 1.44412
2.57001 6.05167
5.0357 1.61345
6.152 7.32452
4.14724 2.04578
7.05961 7.60687
7.28645 6.64199
3.3 3.44318
5.13601 7.06069
5.38512 3.0236
