0.192072 1.07562
7.31255 8.63775
1.9552 9.99728
6.67595 0.0484879
9.96686 5.91261
0.294477 6.78339
5.48317 0.36297
3.91693 9.41412
9.43676 1.22029
0.474146 9.07736
1.96451 1.63718
5.67963 9.95621
2.01212 9.08365
6.96113 0.64956
9.54129 6.76566
1.68924 5.4466
1.60198 8.57468
7.55397 1.26867
9.77215 6.49308
1.85537 6.02331
3.7875 8.74007
5.8754 0.857545
5.85492 7.7517
2.12057 2.15958
6.89756 3.63585
1.02585 8.07823
2.98742 4.90258
8.53693 7.26681
8.45719 1.80326
2.60349 7.31397
2.15886 5.7932
7.74997 6.37731
