9.17184 0.627362
0.0397871 9.96421
9.07712 9.83023
0.803569 0.486743
9.7669 8.63478
0.260491 2.37392
8.40036 0.0916408
2.84895 9.47107
0.252854 9.04083
9.27006 2.68728
2.68061 0.741009
7.29485 9.69039
9.22407 7.30123
0.0720813 3.84186
1.0316 1.46674
9.10958 9.42906
9.68247 3.99659
0.173494 3.89068
6.29778 9.75882
6.86287 0.0129719
7.10732 0.538576
3.47565 8.98011
9.10086 3.28269
1.08685 8.07903
2.47871 0.83586
7.22109 8.82436
9.08183 9.82731
2.10125 2.43046
8.09605 7.69303
0.659166 2.03017
9.00562 7.93014
1.59307 3.32902
8.52483 8.89577
2.23289 2.61557
