1.54572 0.657358
5.99209 9.88825
9.8656 5.22724
0.541304 6.13477
0.380866 2.81376
7.88254 9.03248
0.680509 8.80869
9.78245 0.305855
9.32499 8.2343
0.673475 3.36892
0.358588 4.69942
9.23529 7.43323
0.540379 9.46713
6.97727 1.31853
6.07246 9.78262
1.58482 1.20088
3.32016 1.25486
3.55156 8.90541
4.90638 8.8592
2.47679 0.795479
9.62377 1.38261
1.11119 7.10382
1.83133 6.56025
8.81179 3.11279
2.76725 7.82126
4.34323 2.28219
1.79041 5.29122
8.28443 6.78805
7.22005 4.28013
2.13023 6.32987
2.77338 6.9184
4.26442 2.82637
3.36111 7.85718
3.84111 3.48862
