9.45121 7.90553
1.55992 0.128918
0.213872 8.53248
9.56758 0.749641
0.552444 5.16594
9.62319 5.20267
0.735662 8.60218
9.39819 0.395441
4.62935 9.98696
5.98975 0.518995
3.85634 0.259176
6.68365 9.5056
8.10602 9.66987
1.87155 0.196003
9.94409 3.83267
1.20174 5.7974
7.18778 8.6833
3.63875 0.680803
2.55606 9.02583
6.97663 1.54548
1.95665 6.17386
9.3278 2.1389
8.33619 6.38308
2.57455 1.34575
9.20638 1.34307
2.25407 6.3735
2.82303 5.58783
9.19192 3.9348
1.03004 8.39115
6.44357 2.60151
2.98081 2.81995
7.25164 5.23927
