0.571124 8.12274
9.99495 0.932925
0.160293 1.36519
9.40804 7.00306
0.218398 7.81891
9.80912 2.25769
9.16163 9.17185
1.1542 1.14742
8.42729 0.720021
3.73805 9.15869
3.27321 0.354473
4.89848 9.52609
9.64505 2.78544
0.906782 6.38497
1.5677 3.94001
9.3451 4.66333
0.957407 7.56734
9.92486 1.17174
8.78952 1.57038
1.64936 7.96789
1.6859 2.20888
8.74798 7.16831
8.85705 6.17273
1.71243 2.79594
4.38568 8.08865
4.51068 1.16124
2.68009 1.08377
5.15448 7.22913
2.49319 5.45952
8.42551 3.7408
2.1424 3.27792
8.13948 4.61568
7.70345 2.54304
3.92607 7.38168
1.86315 2.29908
5.83282 5.48165
7.62947 4.3775
3.6909 4.298
