3.36625 0.0257798
3.51341 9.82246
7.59719 1.12339
0.784617 7.43124
5.63005 0.881239
2.09666 9.26113
8.29885 7.47685
0.300721 0.295827
9.17184 5.11204
0.882661 3.35206
0.710084 4.23017
8.56215 4.36426
7.0442 1.987
0.542785 6.67083
5.09823 9.44531
3.30344 0.606568
6.79735 2.91755
0.17805 5.962
3.78073 1.22917
3.00114 9.94342
1.56231 2.72931
7.66316 5.95448
1.50565 4.70639
8.34931 4.25357
1.84564 8.08823
5.1996 2.08617
6.7626 7.60761
3.33707 1.73741
1.49721 1.44292
6.54374 5.81279
7.66541 4.59902
3.41734 4.01731
3.08614 5.33044
4.78033 2.99488
