0.218502 8.65622
8.09285 1.05063
9.30491 8.32685
0.34179 1.31728
1.59581 0.747824
8.05691 9.65591
2.07334 0.0936002
6.71166 9.30214
9.68313 4.52223
0.628458 4.02075
0.344558 6.75703
9.49927 3.52331
8.65749 7.24871
0.187288 2.17183
6.17961 1.50526
0.840195 9.33521
8.26565 1.78334
0.664365 7.26482
3.50699 8.02047
4.70382 1.4327
4.72563 7.91689
4.01033 1.61997
5.43466 1.54462
3.54933 7.70885
7.20009 1.82613
1.80836 7.74574
4.63998 7.71204
4.21095 1.657
7.47013 5.62146
1.41427 4.06355
7.2127 7.68685
2.74673 2.87673
1.24864 2.51644
6.55094 6.13743
