0.984198 8.84634
9.70816 1.72986
9.83219 2.08637
0.177004 8.14809
0.773271 0.917039
9.75398 9.58091
0.253568 2.29428
9.79259 8.79974
9.97153 4.47934
0.31594 6.93369
7.43983 1.82055
2.21668 9.18772
9.75261 7.26158
0.794369 4.35723
5.29446 1.99427
5.20507 9.32233
2.65358 2.04935
8.97872 9.80873
6.98348 8.8811
5.06405 1.93126
7.45698 2.7267
2.24002 8.61731
9.86443 6.1154
2.14506 5.13486
8.3277 3.95769
1.50382 6.68914
6.32779 2.49718
3.1682 8.31479
5.13829 2.15506
5.24419 7.95734
4.29029 4.09906
8.24306 8.40735
7.25298 8.83996
4.94546 4.31229
5.64075 3.52756
3.88335 7.41176
2.45645 4.94593
6.42142 6.15398
