0.28865 0.480901
9.97064 9.30027
0.79829 0.312408
9.1512 9.67302
0.834807 9.57773
8.83217 0.0252277
0.359457 4.37163
9.75241 3.99903
5.25776 8.78331
6.74487 0.225424
5.07003 0.347481
5.87537 8.87586
9.02994 0.570118
1.75805 7.78378
9.40833 3.02038
1.36971 7.25724
9.14198 8.97357
0.603904 0.497622
8.11542 0.350821
2.33886 8.03784
3.72115 7.92316
7.56971 0.240759
9.19846 6.84714
0.733516 1.54078
8.92664 3.74989
0.996229 4.43318
7.44148 8.84023
3.72197 1.84289
9.44977 6.1555
2.37533 3.54535
8.07046 1.44885
2.33594 7.5867
2.42428 3.96855
9.32441 4.67579
2.32905 2.94306
8.82732 6.58775
7.65519 6.15903
0.400892 0.701282
5.15926 7.59867
6.45005 2.38173
4.94869 3.61137
5.65587 6.52009
