7.36138 9.09169
0.709012 0.0529359
8.68044 7.28149
0.803906 3.57518
9.37877 0.997615
1.93788 7.57402
0.233702 5.68433
8.95991 4.13459
8.59557 0.549985
2.36068 9.68735
8.40924 7.90992
1.20681 2.8007
4.41009 0.503543
4.21668 9.79083
2.52783 1.33455
6.27093 9.78685
9.67474 4.70095
0.685998 4.58757
7.25134 1.04059
3.27945 9.49919
5.65582 9.91607
3.70323 2.33264
8.29442 2.28712
0.333321 5.73605
4.71614 1.48729
3.87898 9.15525
1.16432 4.6329
7.91429 4.55114
2.96626 2.28213
5.54554 9.32868
3.36937 3.81879
6.42953 7.23928
