9.62454 0.526329
1.07147 9.42877
5.24714 9.67946
4.72677 0.287717
8.21178 0.404482
1.69463 9.3719
0.0218039 7.77773
9.91159 0.593016
0.863163 0.340737
9.89551 9.25572
2.425 0.193356
6.32607 9.27016
9.38594 3.89133
0.00719882 6.95383
1.35277 3.88504
9.50707 6.50913
4.20236 8.93134
5.69804 0.493264
1.96192 1.59891
9.27909 8.2996
2.45543 0.232225
6.17451 9.06466
1.60633 4.23024
9.22153 6.3543
4.58541 1.34487
5.44526 9.27021
8.35534 5.52802
1.10566 6.07366
2.078 2.53296
7.97884 6.77269
4.45111 1.77998
5.60663 8.53879
