8.4318 1.08797
1.77451 9.95861
1.18872 9.48957
9.64488 1.83826
4.57687 0.210071
2.81716 9.99743
9.87547 3.78077
0.149967 6.66044
5.89699 9.97085
1.96407 0.189751
0.613535 8.14837
9.61616 2.44015
7.0084 9.9409
0.0949338 0.10676
9.9374 8.92249
0.301276 3.14271
0.575594 1.65788
8.78301 9.52526
9.42322 4.22449
0.316548 4.31013
9.01799 1.25957
1.91252 9.68773
0.558658 0.675197
6.82262 9.85811
3.71713 2.39566
3.95801 9.51205
0.669149 2.03569
7.3441 7.7001
3.94119 8.93624
2.90902 2.26765
2.77049 8.97903
4.61775 2.63889
