9.43953 0.635504
0.153359 7.17899
7.77562 0.334628
1.492 9.66552
1.63308 0.481986
6.82951 9.85471
3.30705 0.313343
5.73725 9.81874
0.349493 0.407379
7.52659 7.55609
3.83741 9.29213
5.15406 0.689466
0.478137 0.608047
8.12705 6.41733
9.13195 4.89377
1.66132 4.52473
7.39506 0.750256
2.07385 9.36921
8.77095 1.23612
0.915324 6.60482
8.40301 5.83525
1.38452 1.87074
4.92667 1.02469
4.7309 9.63433
1.71927 4.09146
7.84227 5.33061
8.32937 1.65735
1.696 5.41466
2.82423 7.60266
7.58288 1.22921
6.66033 1.69583
3.18749 8.98194
