9.18124 5.46798
0.939462 4.54396
4.69016 0.414769
6.25479 9.44783
1.13632 2.58925
9.18879 8.86648
0.627658 9.31407
9.18632 0.758807
1.18687 5.86704
9.07907 3.70951
6.50478 9.2699
2.31502 0.089595
1.3777 9.94862
6.09198 1.83115
5.47128 1.51533
2.31594 9.68243
1.58129 3.58854
8.47986 6.45998
8.13625 2.54209
0.952637 8.42779
9.07564 8.83049
2.09051 2.56223
1.89407 6.70117
8.73052 3.77773
3.12336 2.4368
6.668 8.20673
1.29529 9.02476
6.41807 3.08056
2.39562 3.64586
7.71819 6.37747
2.54267 7.32852
8.06976 1.98324
3.27036 6.35382
8.08687 3.4138
