0.439323 0.339623
9.17 8.54136
9.21971 4.2357
0.261975 7.40417
8.10776 2.16082
0.417122 8.7413
6.93443 9.95024
4.86924 0.426036
0.573355 0.539488
9.22845 8.27531
5.27425 8.56442
6.49887 0.314781
7.93025 8.02742
3.23668 0.70659
1.33944 7.4968
7.84839 2.71811
5.30146 8.5532
5.95563 1.23913
8.83635 6.40896
2.37595 3.15639
9.86962 5.64513
2.66496 4.78785
1.93481 7.4574
7.60057 1.1699
7.36286 7.93105
4.85259 0.815839
7.5697 6.41382
2.02709 2.21595
2.01447 6.8376
6.9458 3.47973
6.87699 5.41048
4.16073 4.90927
