9.46274 1.81495
0.0803302 9.02403
9.96751 7.78025
2.09027 1.34947
9.53109 4.62685
0.284444 4.46295
2.04773 8.63242
9.37441 1.54112
9.95139 9.00725
3.01686 0.233798
4.68027 7.85864
6.9168 0.772821
7.11726 1.20037
1.98278 9.61073
0.331082 2.78862
9.13352 4.66839
7.21743 8.07321
3.31967 0.443013
1.5293 6.64625
8.76399 2.56445
1.82117 8.56896
8.53329 2.38074
1.15782 4.84587
8.38837 3.76093
2.0296 1.76386
7.80737 5.30784
4.92634 7.51698
4.09605 1.37138
8.65599 2.69644
2.11374 5.90297
3.0669 5.03943
8.26201 3.48236
4.155 7.01579
6.65148 1.91126
2.74031 7.9896
6.5807 2.5055
