8.80172 9.84246
0.716208 0.777929
9.556 0.736453
1.91941 9.19972
1.12382 0.296213
7.44452 9.90312
9.3081 6.95359
0.255398 3.00448
9.37732 4.36085
0.565037 5.85374
7.70551 1.13777
2.83053 9.9259
0.749479 7.51682
9.44245 2.07622
5.29656 9.85842
6.48857 0.894772
6.0803 9.71218
4.19536 1.05293
1.24432 2.29538
9.00168 9.63754
1.27061 1.05498
8.37808 9.78662
0.416141 3.02156
8.94454 6.91435
8.72356 1.78748
1.80963 7.67834
8.15631 7.26541
0.742484 2.68182
1.50547 5.75482
8.54732 3.20569
3.8901 2.61825
6.70763 9.56688
7.49634 7.41566
1.98583 3.37494
7.86863 5.53754
2.53785 4.63489
7.83576 3.29864
2.70052 6.23316
