0.324978 9.71334
9.54327 1.17862
9.70199 9.06587
0.446273 1.41549
8.34606 0.747036
2.15593 9.91762
9.88652 7.17898
0.255774 3.85384
1.51703 0.784949
9.24106 9.70551
0.572735 5.71636
9.97851 5.52485
3.69397 0.271514
5.80822 9.43404
1.54073 0.796953
7.75104 9.35277
3.4508 1.34208
6.50776 9.57238
3.70617 9.17295
4.21257 1.00335
1.52088 3.28407
9.31774 7.87545
9.19354 4.71364
1.04924 5.73881
1.6218 7.85546
8.25677 2.61114
2.34258 2.78208
9.07643 9.28589
4.66855 8.30777
4.03102 1.59352
6.68521 8.01255
2.59584 1.84191
9.3991 7.29302
3.27061 4.36672
5.44129 6.34322
3.27807 2.60002
