1.28164 1.67665
9.26306 9.91394
3.08228 0.796825
6.51787 9.8849
9.95918 2.25789
0.821293 7.2342
9.42367 5.91479
0.179209 5.16677
6.87716 0.319412
4.20774 9.92015
2.96091 9.42498
7.4903 1.11027
9.49273 7.14777
1.41218 2.89
1.89388 1.32458
7.10471 8.89676
8.67784 4.92935
0.320301 6.65928
7.93145 2.65414
1.74166 8.84332
0.762121 4.63446
8.39072 6.35068
5.2085 8.85726
5.68361 1.6097
6.94937 3.05602
3.62442 8.0725
4.28024 4.31923
6.43212 8.19292
5.14199 6.32805
7.34182 1.30886
4.91026 7.95267
5.7225 3.89703
