0.339373 8.18989
9.22695 3.3486
8.87071 1.14476
2.27938 9.8189
9.29581 3.96363
0.234737 7.92889
9.04621 9.39409
0.145624 0.102336
0.556248 4.45617
9.14622 5.30218
5.7626 8.92863
6.43037 0.918146
1.27181 0.329826
7.63072 8.78648
8.93958 1.65629
2.48079 9.49452
9.88399 9.04245
2.25482 3.55873
7.10495 8.97091
3.37928 2.01336
2.00209 6.03699
8.74052 4.56304
3.49741 8.60983
6.46886 1.7938
2.233 3.86286
8.2927 6.29213
8.39239 5.82399
2.33813 4.0575
8.5478 4.56032
2.64001 6.11974
6.19702 7.25244
2.47304 1.65396
