6.09214 9.84568
3.83362 0.307221
0.334118 7.31825
9.96799 4.79141
7.50719 9.06509
0.18426 0.585934
1.16555 9.99604
9.57666 0.336885
0.312414 3.68545
9.3652 6.4619
9.60742 8.26757
0.485392 2.33241
9.39452 4.01859
0.643716 7.91877
0.882336 0.742254
6.4981 9.24416
8.54167 0.565026
2.21103 9.68057
0.94779 6.4043
9.85332 5.11544
4.35658 1.16497
4.9901 9.24852
9.3399 6.34571
1.12822 5.7545
7.28444 8.46255
0.403059 0.978634
4.00804 9.31567
6.0697 2.56354
6.34762 8.4811
0.790896 0.809357
4.90014 8.82223
4.5791 1.77353
1.62098 8.22391
6.21366 4.43881
9.03176 6.5566
2.6059 3.81392
6.72431 6.59147
2.30357 3.26763
