2.94794 9.96964
4.65664 0.127021
0.00864785 2.51972
9.50836 9.66864
8.38911 9.97823
0.326076 0.73804
2.08645 9.71304
6.19818 0.592765
0.14364 6.55618
9.3104 3.30376
8.89456 7.58829
0.01893 2.68321
0.346488 6.27426
9.82155 3.73212
1.59572 0.191171
6.35157 9.18432
1.92004 7.73298
8.84891 0.210318
4.82098 9.38924
3.81949 1.19272
8.03069 8.78337
0.197539 2.20157
1.03899 1.68717
8.20995 9.70104
8.98016 5.96207
1.19539 4.98204
7.58881 9.34006
2.38546 1.79223
6.33609 2.5682
2.23267 7.78757
4.98822 2.32753
2.9682 9.39988
3.32414 9.66944
4.07945 2.28935
0.113082 2.27309
7.24387 8.00126
5.40176 8.15089
2.64474 2.0852
3.01524 7.62095
5.54623 3.50123
