1.68003 8.92915
9.72966 0.451201
9.86161 8.25969
2.00503 1.89489
0.613807 8.10129
9.62741 1.34284
9.20598 3.73918
0.571655 5.8565
7.57161 8.86313
3.00696 0.43563
5.92232 0.449415
6.64342 9.70627
3.52465 8.84232
6.27997 0.413446
1.855 3.80231
9.76784 7.6183
7.15036 9.90336
4.86028 1.72548
0.714888 4.65931
8.46028 4.75456
0.637536 7.83733
9.39898 1.54111
5.99889 1.14009
3.65215 8.72693
8.69829 1.94928
3.53125 6.95828
7.05761 4.56545
1.42408 5.41774
6.73835 3.90938
0.570219 7.53352
7.90086 1.41555
4.19005 6.38931
