8.54382 9.16284
1.26841 0.843419
2.77073 9.56098
8.30055 0.835387
9.412 1.82267
1.86894 6.90485
1.55324 3.73835
9.66594 5.62662
6.91909 9.29834
3.60875 0.215686
8.10326 0.686178
2.94492 9.98769
9.9878 4.04933
1.48046 4.33636
8.91737 8.78217
1.94503 2.7455
5.24463 9.38301
5.19444 0.854717
2.29458 3.57378
9.22468 5.98421
2.10865 6.68683
9.13887 2.01646
5.79626 8.54457
4.98846 0.945815
3.70598 0.515751
6.87034 8.06175
6.72052 7.58546
2.40611 1.94348
5.93422 7.78655
4.05187 0.904479
1.92792 4.92928
7.40297 3.74634
3.06363 3.04176
7.57126 7.66349
5.35221 2.89225
4.71087 9.34478
