2.73007 9.90578
8.06373 1.01747
9.82148 3.39901
0.611454 7.94229
9.96408 8.71882
0.56449 3.60888
6.62523 9.57945
3.01772 0.52733
0.982238 8.15461
9.68031 2.73149
1.08222 2.24488
9.73768 9.3822
0.295882 5.90817
9.55037 5.3775
3.67506 9.73101
5.41336 0.437671
8.31944 8.95634
1.14041 1.07378
7.06675 1.81932
3.00183 9.84975
3.73087 1.02242
5.83626 9.31234
1.44509 6.24829
9.51298 3.93825
2.46562 1.40758
6.52217 8.4907
7.44929 6.73237
1.05967 5.10336
4.87738 3.28345
4.46397 9.43944
3.83001 8.58185
6.23155 2.22867
2.95884 3.56924
7.39388 7.89295
2.96091 8.04569
5.92075 4.76538
