6.89407 9.84103
5.37779 0.110189
0.658742 0.514632
9.47128 9.51724
8.62726 2.01303
0.849145 9.76602
9.56374 6.57318
0.122383 3.21681
9.14334 4.06101
0.764238 5.88939
8.57016 2.31577
0.764014 9.34813
4.17588 1.1132
8.04012 9.79611
0.722738 0.978811
9.29606 6.53611
6.96394 0.103801
5.24408 9.01386
7.53255 0.280815
1.93304 9.14918
9.20199 5.62486
1.20818 3.85061
4.21065 1.57898
9.25942 9.76012
1.69937 9.01504
7.49842 1.62771
2.02355 7.73017
8.24385 3.14531
6.78316 0.269307
5.88765 7.96389
4.86718 1.77999
7.26255 9.09363
1.64726 3.8491
8.64693 5.63645
5.32462 1.96207
6.84955 9.20912
6.18005 6.62406
5.52269 0.450074
