9.77143 8.60106
0.780657 3.75284
9.18486 0.14317
0.855842 9.90502
0.130913 4.61317
9.35269 7.1016
3.31149 0.751173
3.80245 9.4824
1.64351 9.70769
6.42021 0.279527
0.980087 8.58023
9.3595 0.236072
8.85293 6.11352
0.031188 5.95483
0.840672 6.80538
9.80755 3.18609
0.708393 6.24943
9.15086 4.6928
2.82511 9.90927
4.67571 2.11136
0.976938 0.0377932
5.09102 7.9971
0.849558 3.85909
7.26875 7.13078
2.74171 2.40986
4.08784 8.73325
8.19434 1.43331
1.00935 6.82695
7.29665 6.97414
1.19345 4.36097
4.58366 3.23678
2.12381 8.78174
4.01113 2.78129
3.70465 7.83377
2.11244 5.86523
8.38824 6.82368
