0.0321433 2.00479
8.72633 8.45702
2.27185 9.36514
4.30668 0.176258
0.160078 3.2366
9.67305 3.86372
7.77981 0.538072
0.182845 8.92931
2.96919 0.208196
4.91728 9.91803
9.34412 2.96179
0.173577 3.28309
1.19718 2.13298
8.24135 9.07035
8.98845 0.578925
1.53603 6.4255
5.85634 8.33328
1.57991 0.031441
3.6943 1.13758
3.77271 8.82579
2.29364 7.87364
6.02802 1.17713
9.06233 2.13659
1.71493 6.00388
2.06858 2.31985
7.34318 8.71076
5.30263 8.01041
3.18945 1.70309
2.29359 2.54266
6.52628 8.52576
4.03535 7.86426
3.58338 2.68219
