9.42966 1.24852
0.115262 9.1898
0.186213 3.47296
9.96382 8.67372
9.01906 0.331644
1.47842 9.8428
8.41756 9.81462
0.769096 0.453472
2.12953 9.16095
8.06017 0.0996656
6.42916 9.74462
4.81888 0.560201
9.26444 6.90387
0.789263 5.32031
1.18727 8.86445
8.73907 0.787164
1.137 7.74338
9.15753 3.31488
0.0287615 2.16636
8.00553 7.88348
5.69628 8.81458
5.32926 1.00002
0.763659 5.92019
8.0636 6.32565
6.47036 0.000887117
2.66279 8.49462
1.21763 2.49291
7.8332 7.77606
4.47071 2.54398
6.56904 8.91438
1.75591 7.352
7.35717 4.86633
5.38452 1.1405
4.69648 7.58502
6.82704 3.54791
1.0879 8.3289
2.14109 7.69614
7.22339 2.79539
