7.46982 9.95136
2.49789 0.19013
9.77112 2.3891
0.705119 7.81874
9.0553 9.90433
0.644414 1.51285
1.39918 8.50402
8.28795 0.24391
8.23569 0.200353
1.9172 8.54241
9.57891 7.67444
0.00110467 4.64692
4.02822 8.89869
6.17499 0.295539
0.340925 7.53834
9.57177 3.6637
3.68074 1.26961
6.18388 9.82229
0.835372 5.00205
9.818 5.4275
1.55899 2.71362
8.46876 8.83585
6.04465 8.92137
3.57541 1.50934
8.83281 7.55815
2.0057 3.20486
1.7004 7.26057
8.52968 2.1572
1.1261 5.2596
8.69068 5.36872
2.7141 3.53703
8.25427 9.10855
4.94252 8.14904
4.92131 2.3081
4.12888 6.50442
7.04828 0.501538
4.29351 8.08703
5.1409 3.13891
6.89797 5.23538
1.42121 6.30392
6.31367 7.40439
3.98024 3.11057
