0.159749 0.525052
7.86751 8.55934
9.21466 1.72394
0.428903 9.5071
5.68946 8.68852
3.00529 0.30121
0.125813 7.32825
8.78309 3.45379
7.82167 0.915128
2.01302 8.72622
2.08034 1.27363
7.46255 8.46246
0.752494 4.09663
7.90557 5.63452
0.314926 1.20372
7.53732 7.64301
2.82496 8.11511
6.1702 1.46354
5.11382 7.85333
5.74016 1.27996
7.16181 6.58184
0.797669 2.94345
0.696004 1.44001
6.99749 7.51974
7.21542 4.72784
0.929004 4.55695
2.09058 6.48438
7.99153 2.88489
7.09097 6.23224
1.57258 4.20336
3.95264 3.75289
6.76873 8.06927
