3.94579 1.08279
9.12168 9.58678
0.166361 7.92403
9.0903 3.32903
6.58866 1.21007
5.91443 9.0551
1.62114 0.985707
8.97208 7.87255
9.24433 5.96553
0.164267 5.41839
1.11704 8.56383
9.57981 1.17354
7.57636 2.13675
3.969 9.82854
1.03553 7.36903
8.94516 3.93911
8.75603 5.94315
0.0966932 1.57817
6.28694 2.01178
6.25503 8.82769
1.47362 7.93859
8.47906 3.23468
8.32987 7.20998
0.33787 1.34223
7.93094 2.30299
1.99685 7.9638
8.24421 9.15516
5.98094 2.63785
5.60127 8.82255
6.43364 3.21442
5.39249 3.26629
8.23434 8.16443
3.70702 5.85371
8.43276 4.97501
