0.845142 6.7688
9.97234 1.564
6.41887 0.195416
3.32442 9.16459
8.34712 0.609833
1.2735 9.83351
0.60733 5.88053
9.84954 2.75459
0.647169 0.608413
9.75175 9.57971
9.67388 6.57688
0.359415 3.04633
9.868 3.00471
0.993798 5.04087
7.97338 0.714517
2.54959 8.88309
9.54587 7.78811
1.49857 1.71785
6.31922 7.98856
3.17814 1.86846
1.49862 3.66811
9.36712 4.68882
3.47156 8.33786
6.38564 0.409286
4.5512 2.01445
5.22104 7.39083
1.94512 8.31298
8.0991 2.45412
8.65908 4.47908
1.8989 4.68799
8.8339 2.51784
2.29861 5.66577
8.42284 2.97204
3.74724 4.92153
