9.82168 1.89707
0.667115 7.7829
9.42138 8.62567
0.0714763 2.5195
9.83908 4.36251
0.441406 5.39028
6.73746 8.79718
2.69121 0.131669
7.39058 0.0946837
4.58114 8.56743
8.85868 1.2604
1.90891 8.37217
5.66431 8.85196
3.99951 0.160462
1.92913 0.818937
6.88217 7.61984
4.05227 7.89115
9.00365 0.252082
0.479814 7.07913
9.02008 2.52974
7.57258 0.730126
4.08478 7.86038
6.68673 7.84337
2.7253 1.72394
4.14595 1.9605
5.67192 8.271
6.23165 6.70324
0.423137 1.3486
6.6513 5.17934
1.38035 4.39721
6.47019 4.22459
1.38823 6.56704
