9.83096 4.08169
0.275853 4.57378
0.545319 2.19703
9.12178 8.58616
7.14127 9.55492
2.0388 0.165492
6.00131 0.0310666
5.0624 8.99474
0.479227 6.08821
9.66272 3.29635
8.58803 0.0929411
2.67614 8.619
0.817926 8.66986
9.14262 3.12086
0.642531 3.61736
8.34788 6.39247
1.91736 0.653517
6.50233 8.19767
0.884072 4.99938
8.8921 3.6223
5.87912 8.24732
5.69407 1.13439
6.86146 2.25234
4.64814 8.26874
8.37514 4.42139
1.23228 4.12922
7.79003 4.75894
1.24928 3.98758
2.28307 3.43098
6.14468 6.72314
6.03942 3.58294
5.11658 7.92004
