2.00334 9.02392
8.20909 0.677367
0.995065 9.00001
9.37645 0.62434
5.7127 8.70777
4.95927 0.354681
9.78782 7.12772
0.800677 3.6239
1.50576 1.64124
9.33229 8.50683
2.08235 1.01121
7.23116 8.41465
0.277081 1.59212
9.51945 7.74292
8.79703 4.38193
0.0969434 5.83138
4.27103 8.29671
7.55903 0.707345
9.33855 3.18914
2.17127 7.07615
8.26886 5.05674
0.739403 5.25756
8.12165 6.06117
0.713682 3.92746
4.87777 7.83954
5.31484 1.25481
6.63434 8.26931
3.9296 3.23401
3.53422 3.20899
7.36638 7.79187
7.61336 1.21511
3.75876 6.69503
3.73278 3.84729
8.83945 7.8438
5.87757 7.79491
4.91753 3.10095
