0.776969 2.92939
9.90988 6.25567
0.352391 5.69828
9.09089 2.31559
8.71613 2.03878
0.0504357 9.91016
0.237276 4.7261
9.05522 3.53326
9.91979 6.885
1.62488 2.21371
1.47812 9.96394
7.75889 0.181859
9.53914 8.68214
2.34382 0.615202
4.24415 9.5067
4.99597 0.222567
6.73085 8.4177
3.23456 0.714825
5.97105 1.46159
4.16548 9.4237
8.47395 3.99503
1.32466 3.7457
1.9851 5.9254
8.64376 2.28144
7.63147 5.07337
1.36266 3.58846
8.7077 6.70497
3.06038 2.35031
6.06398 2.54127
3.86913 9.29815
4.75249 2.5006
5.63088 8.96278
3.87556 2.22875
6.45745 5.86967
