9.30817 2.66077
0.991532 8.211
0.598398 0.622999
8.43268 9.24443
9.88075 3.64661
0.476163 6.83677
7.11062 9.71378
2.66247 0.62292
5.96993 0.916303
5.54852 9.84901
8.35651 1.97265
2.79375 9.83634
9.6783 6.3756
0.111773 6.08308
9.77575 8.82543
1.28167 2.43179
0.361386 6.59588
9.29348 4.67886
1.01969 4.12702
9.68149 6.52689
5.81358 9.7419
3.84393 1.50969
1.8916 0.765983
7.33677 8.80361
1.72258 7.87258
8.87897 2.56244
6.24843 1.80033
3.97364 9.04913
1.65984 2.36966
8.67807 8.50032
7.99056 2.78901
2.9407 8.31922
8.46865 4.02771
1.51584 7.12773
7.41993 8.50955
2.57619 2.57801
8.8153 6.71865
3.31522 4.73362
