8.53642 9.69967
0.882969 1.04885
8.97842 0.404235
0.913195 9.56196
9.11654 7.97282
0.237001 1.47979
4.79599 0.0315684
5.16151 9.67925
0.896868 5.9845
9.5597 2.34064
2.26964 9.62111
6.56382 0.296919
7.2096 9.11346
2.74142 0.422046
9.16152 7.34614
0.27127 3.27623
4.62773 0.344297
5.62068 9.20376
9.38099 7.62281
1.48391 3.52128
0.69393 4.38239
7.42591 5.21692
1.5521 8.7178
7.74733 1.84485
6.48531 8.14668
3.81085 1.74072
6.62445 6.94731
1.68466 2.08918
1.29779 3.80202
7.26654 6.38686
1.8179 5.29153
6.98364 4.95964
2.35877 3.78103
8.73242 7.57247
