9.89874 2.74075
0.477014 7.1041
2.45965 0.856769
9.14256 8.53781
8.39284 9.80022
4.46489 0.405039
9.02697 5.30537
0.96742 2.62015
0.0998665 4.05171
9.12272 3.89197
0.854506 3.61088
9.09108 4.3574
4.00658 0.877104
8.87595 8.76255
7.31258 0.479482
1.55876 9.67051
2.37444 8.69701
7.24228 0.333749
5.08359 7.16401
5.37338 0.114895
0.0402323 6.2652
8.75745 3.72676
7.98676 6.73939
1.61122 1.69764
8.25125 7.53844
4.18129 1.81402
3.98015 5.72201
9.84454 2.70936
7.46611 7.34147
4.82473 2.18522
5.10526 0.228387
5.23785 5.58366
7.02329 4.27371
1.22982 3.19597
3.25719 3.95296
8.51356 3.91967
