5.93776 0.597575
4.6591 9.60138
9.64544 9.15095
0.433685 0.625809
6.95925 9.6858
3.13403 0.0202081
0.0128876 7.2399
9.91359 2.85988
9.50113 9.54166
1.27106 0.79525
0.757275 8.56673
9.12133 2.81026
1.69977 8.17946
6.92909 1.14861
9.90431 5.10176
1.20202 3.99603
7.13343 8.79889
2.46332 0.390691
9.28119 4.5352
2.73144 4.86902
2.6779 2.38053
8.87098 8.83996
2.76715 7.46824
6.33937 1.79128
2.80564 5.57022
9.78195 2.95429
3.60971 4.07221
9.44311 8.31165
5.32891 2.7931
6.39274 8.51354
9.37636 8.32277
3.75571 3.70191
