7.7306 0.618118
0.688608 9.7896
9.46588 6.60636
0.655439 1.01492
0.114115 9.84051
8.81053 0.64267
2.40142 0.574046
7.96308 8.43831
8.67028 2.97542
0.315726 4.63444
6.6859 9.41205
3.51891 0.548365
1.29677 3.49425
9.05568 5.45272
1.94854 9.34217
6.51876 0.79327
4.86868 0.895168
5.38004 8.90727
9.32087 6.22831
1.42798 2.88721
1.54966 7.95509
9.0217 0.91045
1.12314 0.0617525
7.91055 6.29412
2.19988 6.81121
8.44075 1.78359
5.22988 2.31351
3.56544 9.19649
6.35414 1.19345
2.84634 7.47219
1.54164 3.91396
7.08497 3.30166
4.0804 3.015
8.10483 6.06594
