0.405241 1.33064
9.84097 7.97612
1.25159 0.805269
9.6175 8.70935
0.106075 3.67518
9.77742 5.80873
0.757715 9.72345
8.80482 1.19423
4.94186 0.39254
6.40445 9.52512
7.92117 0.969691
2.63991 9.63164
0.0147899 8.94028
9.23295 3.11116
2.08077 0.805409
7.79779 9.75036
0.976319 2.27852
9.6766 7.20007
1.80445 8.85244
8.23204 1.22672
0.742132 8.79626
8.29724 1.98786
6.47036 1.48971
3.85481 9.05541
1.57104 1.85548
9.41185 7.73038
7.81701 4.66126
0.436857 5.05121
4.61097 7.59258
5.32309 0.621449
7.06194 4.48582
1.18917 5.72707
6.72109 2.23017
4.68343 6.45312
