0.861514 9.49401
9.0949 0.264709
9.43843 8.35919
0.0385062 2.19826
0.338072 6.15189
9.70003 2.75537
9.60488 5.11483
0.329772 4.67441
7.27644 0.287814
1.55647 9.71698
3.4038 9.48037
5.78296 0.248631
0.35978 0.878778
8.66777 9.54945
9.69899 0.451489
0.228769 7.53411
5.63009 0.429106
4.22524 9.00071
9.22632 0.693382
1.0797 7.9486
6.22583 9.20543
2.0452 2.21831
1.68767 2.54874
8.66852 9.32492
9.35622 2.61811
0.811339 6.07987
5.59958 1.10238
2.88821 8.89626
7.43106 8.01285
1.32087 2.80972
8.69775 2.05629
2.05483 5.81821
1.36757 5.50671
6.97259 4.47783
0.666484 2.98472
5.75755 5.41385
