184.082 317.326 201.481 319.679 
184.082 315.326 201.481 317.679 
184.082 317.326 201.481 317.679 
184.082 315.326 201.481 319.679 
185.082 316.326 217.788 112.151 
185.082 316.326 215.788 112.151 
183.082 316.326 217.788 112.151 
185.082 316.326 228.526 98.2593 
183.082 316.326 228.526 98.2593 
185.082 316.326 249.754 185.193 
183.082 316.326 249.754 185.193 
184.082 317.326 248.754 255.475 
184.082 315.326 248.754 253.475 
184.082 317.326 248.754 253.475 
184.082 315.326 248.754 255.475 
184.082 317.326 308.754 220.834 
184.082 315.326 308.754 220.834 
202.481 318.679 217.788 112.151 
202.481 318.679 215.788 112.151 
202.481 318.679 228.526 98.2593 
202.481 318.679 249.754 185.193 
202.481 318.679 249.754 254.475 
202.481 318.679 247.754 254.475 
201.481 319.679 308.754 220.834 
215.788 112.151 228.526 98.2593 
217.788 112.151 249.754 185.193 
215.788 112.151 247.754 185.193 
217.788 112.151 247.754 185.193 
215.788 112.151 249.754 185.193 
217.788 112.151 269.754 219.834 
215.788 112.151 269.754 219.834 
217.788 112.151 309.754 219.834 
215.788 112.151 309.754 219.834 
216.788 113.151 387.993 229.671 
216.788 111.151 387.993 229.671 
228.526 98.2593 249.754 185.193 
228.526 98.2593 247.754 185.193 
227.526 97.2593 387.993 229.671 
247.754 185.193 269.754 219.834 
248.754 186.193 308.754 220.834 
248.754 186.193 308.754 218.834 
248.754 184.193 308.754 220.834 
248.754 253.475 308.754 220.834 
248.754 253.475 387.993 229.671 
268.754 218.834 308.754 220.834 
