6.87532 5.42368
6.99303 0.742308
0.485345 4.00495
1.52845 0.118678
3.60755 8.72362
9.11294 8.01952
1.33281 9.13161
6.62955 7.87395
9.48935 2.43378
7.17088 9.72264
4.11368 4.26784
7.9686 5.41785
5.0704 9.44303
3.81701 6.65539
2.11314 5.71972
2.67546 6.43553
6.05822 9.81616
4.17631 6.92019
6.75017 8.94626
2.1117 9.45912
8.95726 3.71356
8.81363 0.650164
2.10366 6.92643
7.42919 2.17863
7.23847 2.36947
7.16339 0.517894
1.74255 6.85186
3.09583 2.56667
0.771612 0.84242
9.90903 1.26409
4.13589 6.25621
6.68408 6.75838
7.45729 3.9462
9.53685 9.49975
