7.6836 9.28696
2.40725 6.90851
1.88858 1.75491
8.09688 3.4808
4.368 8.54124
0.366723 2.41483
3.2614 8.88092
9.88678 4.33457
7.412 5.25586
8.88444 3.16097
1.79719 5.05971
2.27142 6.25092
6.01984 9.71951
8.56796 7.27363
3.12333 1.0323
5.34568 1.9201
8.35108 4.69856
7.74475 3.50877
1.41006 1.93658
2.67367 2.78557
9.01008 6.85939
5.00081 0.572228
6.19386 3.24422
6.06984 7.62065
8.70983 1.77285
4.31251 9.73216
4.56112 7.07999
9.7322 8.62024
6.22526 3.91856
8.64454 6.08845
0.84844 3.06684
2.5546 9.10024
8.07539 2.67634
9.17021 5.50218
2.6988 7.63904
8.79639 1.04853
1.89689 8.25963
1.71431 6.81469
6.72616 2.78563
7.71643 2.11152
3.67518 9.98989
8.68512 3.01795
0.406485 0.25482
7.33145 0.18131
