0.431724 6.51398
5.35636 9.22217
3.49355 9.66273
9.67489 3.1282
5.8478 4.49031
0.298054 4.50896
8.10252 8.21558
4.46827 4.11264
9.66052 7.53437
8.21937 0.906737
9.69309 2.2314
5.31301 0.33827
2.19732 8.17686
9.59214 7.1606
9.36117 8.09515
0.86437 0.0451714
9.88342 7.37047
0.106905 4.12472
4.9185 0.976081
0.838027 1.93327
1.60723 1.47065
0.283332 3.08046
6.91213 7.3203
6.87784 1.10503
7.74131 9.81736
9.97472 5.65335
8.84249 9.08126
7.97612 4.56816
4.429 1.48213
6.73123 7.00221
0.339708 7.34101
6.12074 9.83654
5.82084 1.38403
3.2127 6.34351
8.20677 6.12242
1.03233 9.4608
2.26888 4.18477
4.28787 4.13306
8.65099 0.602418
7.74198 9.60834
1.20414 9.04997
3.10739 6.62169
6.39726 4.69059
0.987953 7.25341
4.54503 8.33921
3.22335 4.32613
4.77563 5.02189
0.267308 8.47691
