4.71317 4.54408
3.94437 7.23345
8.8153 6.71865
5.81358 9.7419
1.65984 2.36966
3.88784 5.06891
3.31522 4.73362
9.77575 8.82543
7.11062 9.71378
6.65939 2.05026
0.598398 0.622999
5.96993 0.916303
9.6783 6.3756
3.84393 1.50969
8.46865 4.02771
6.24843 1.80033
5.3723 7.10487
6.21583 7.9588
5.32489 3.30404
8.43268 9.24443
9.88075 3.64661
6.1212 7.7738
9.30817 2.66077
6.31433 3.67756
1.01969 4.12702
0.476163 6.83677
3.59941 4.8918
5.87776 4.07121
7.41993 8.50955
7.96107 7.11399
2.00277 5.34874
0.991532 8.211
1.72258 7.87258
1.8916 0.765983
0.111773 6.08308
1.28167 2.43179
8.92653 5.11497
8.87897 2.56244
2.68261 6.60586
5.47133 8.44755
2.57619 2.57801
8.35651 1.97265
7.33677 8.80361
2.79375 9.83634
1.51584 7.12773
7.99056 2.78901
0.44954 6.03743
8.67807 8.50032
9.68149 6.52689
5.54852 9.84901
0.361386 6.59588
4.37694 8.26677
2.66247 0.62292
9.29348 4.67886
3.97364 9.04913
3.60419 2.81852
7.3631 6.07748
2.9407 8.31922
