4.46103 7.9541
4.07426 7.14478
5.58715 6.78118
7.40879 8.55791
1.932 8.9441
0.499381 0.831969
0.681511 0.689085
0.138717 4.5471
6.92516 2.02408
6.76249 4.15039
8.52907 1.38324
3.21053 2.82445
9.60152 7.92404
3.47322 6.77214
1.00553 1.6877
7.23938 4.58587
7.86105 5.44465
0.295648 2.7971
2.23839 6.45664
5.84951 4.28164
5.88155 0.366606
3.06209 0.50096
5.24257 9.00341
5.87321 7.27299
2.72565 9.37815
0.763664 2.94346
4.63164 9.71027
4.79481 8.74762
3.91447 3.88588
6.12576 6.88861
2.34884 2.39539
9.9697 9.09978
5.68337 6.80717
8.0661 5.72112
6.7167 3.53791
0.540204 2.44877
0.691952 1.72528
5.1466 3.68232
