6.65527 7.1861
8.67338 9.57843
3.86315 3.93398
8.35516 9.44661
3.75803 8.76784
9.85625 8.81329
3.04474 6.56701
1.50265 2.63799
9.41564 9.29716
4.61003 5.57421
7.26875 7.26863
8.8469 9.50022
7.50647 6.21073
0.643461 8.0315
7.4698 4.19297
1.88981 5.76165
0.797467 1.97816
4.02497 6.6366
0.824754 0.82077
3.48735 8.54019
3.46112 8.9737
3.57982 8.71323
0.216279 8.21648
2.33109 0.07167
8.09513 5.97402
7.73205 1.52512
5.17301 0.15702
3.17066 8.2888
5.17335 1.93578
4.49719 6.51908
4.32397 4.6259
7.69737 7.5997
4.50029 3.79704
5.95166 5.28126
