1.24856 4.05576
7.99823 1.01238
3.21652 0.241445
5.61883 5.09366
4.1845 7.46506
7.77259 8.39725
4.89712 8.6211
1.48504 3.81232
6.9302 7.67884
2.9511 7.26828
9.03787 2.28162
2.36705 6.92254
7.27684 2.18838
0.545654 8.71795
3.69902 3.14593
6.54103 3.38467
5.83461 8.02254
1.21435 2.55081
7.98536 8.39372
7.52738 2.19253
7.22085 8.12141
4.44396 6.64622
7.37764 6.91642
7.92668 4.70556
1.61978 0.46166
6.99706 7.50346
9.07401 7.27532
2.1362 5.96743
1.37186 6.22573
4.14918 6.52206
6.38596 3.5486
9.63631 3.05346
5.55114 0.849159
2.12758 3.61041
0.152265 7.2576
3.65362 8.87726
4.54958 2.79647
9.38067 9.06053
