3.68486 5.3821
7.46164 8.23602
7.24199 0.280214
9.93607 0.0371324
7.88788 0.982248
6.58583 8.27156
9.8135 7.02828
7.57044 0.491216
2.23602 4.60118
9.55156 5.96245
7.44529 6.31313
5.1037 8.70894
1.16321 2.24995
7.70022 9.17743
9.3396 1.54374
9.75764 1.96286
6.20235 2.99035
2.3791 2.96673
7.89632 8.22544
7.38289 7.49145
8.97068 4.28889
7.94236 6.05484
5.67095 0.874112
2.67409 7.23667
4.5976 8.22348
6.32881 8.07941
5.93257 5.57378
3.70762 0.753662
8.30877 8.16983
8.2079 6.56968
0.647504 4.78441
7.94364 0.252793
0.333381 7.09316
9.89786 9.1277
