5.18732 9.17501
4.55074 0.8111
5.41075 4.05918
1.80667 0.40056
1.05334 8.7894
8.90425 4.21309
0.00292852 5.65316
8.57648 9.23364
3.01813 0.0914384
5.36143 5.71948
2.35359 0.922704
2.83551 6.43098
3.45066 7.87624
5.96238 8.85446
2.39717 6.94598
5.56962 8.03185
6.8706 3.67409
0.0389768 9.94897
7.46209 8.23418
5.42018 6.96848
9.53978 8.64856
6.37644 8.99891
2.94664 2.90356
4.19588 2.19636
6.50438 1.66714
2.03226 7.66795
7.14623 4.79207
0.188977 4.66455
5.79831 0.0198383
3.75996 0.157195
3.80106 8.29434
2.92117 1.04771
2.16136 6.90874
4.54111 0.356559
5.15801 3.58108
4.86496 6.16431
7.14896 5.96544
5.89465 6.48504
