8.44178 4.43636
8.84278 2.97201
1.40565 4.62239
8.48355 4.12627
1.71385 8.01434
1.41815 8.99305
5.7849 0.634328
6.37521 7.11476
2.10122 1.88655
8.39803 6.91438
2.22877 4.85274
6.30481 3.44825
7.58133 0.73078
4.88443 6.3641
0.271706 7.85957
6.57099 4.90861
5.48937 6.97565
0.548728 2.79855
9.97473 8.85452
6.5695 9.47515
7.3606 8.99302
3.26131 9.52547
6.41084 5.43884
3.75832 1.49869
9.50218 2.29832
1.08887 8.10557
6.26167 5.36557
6.78972 5.11733
0.0312951 8.16066
4.91244 7.19121
3.5438 1.85547
3.82411 7.47438
5.8478 2.99583
5.16054 0.0437253
4.49605 7.67279
8.09347 5.94067
5.95323 2.98172
2.22341 4.65338
3.33763 3.13357
1.13689 8.78162
4.97538 8.31073
3.64766 0.455502
9.61254 5.60437
5.43893 5.23229
0.0536647 9.85019
2.50689 5.49995
