4.12744 5.58356
1.10852 5.44972
9.52912 4.40018
7.08293 6.9389
6.55054 3.43919
8.51144 1.59395
6.40771 5.27598
4.48551 6.10458
0.614224 6.3251
0.580606 3.82692
7.63862 9.43826
5.34527 1.54656
0.716511 5.46176
3.05051 5.77721
6.69925 2.43027
6.6005 8.47086
3.77536 5.10769
3.29795 8.92195
5.12183 5.59785
6.67372 6.01592
2.51329 1.39296
6.02085 8.16321
7.791 6.82693
0.0754215 3.54777
3.0907 7.05666
8.93745 3.10362
3.90024 9.06107
6.90698 9.19813
5.40645 1.07874
6.26885 5.29325
1.15028 8.9621
3.36794 6.16864
