7.25276 3.52813
6.22652 4.59732
4.71496 7.91941
6.47019 4.22459
9.83908 4.36251
0.479814 7.07913
9.42138 8.62567
5.94909 1.99251
6.6513 5.17934
6.73746 8.79718
1.86098 7.07476
1.78394 1.59445
9.82168 1.89707
6.68673 7.84337
5.66431 8.85196
6.05669 6.12366
6.00871 7.1103
1.92913 0.818937
3.99951 0.160462
6.23165 6.70324
4.17765 5.41223
7.57258 0.730126
2.18925 4.8482
7.39058 0.0946837
4.08478 7.86038
5.62623 4.01641
1.38035 4.39721
8.85868 1.2604
5.24032 2.1487
8.10976 1.63421
4.05227 7.89115
0.667115 7.7829
5.48819 5.26942
1.90891 8.37217
6.55416 7.18546
0.0714763 2.5195
0.423137 1.3486
9.00365 0.252082
4.14595 1.9605
5.67192 8.271
2.7253 1.72394
9.02008 2.52974
6.88217 7.61984
0.441406 5.39028
5.1355 6.33555
8.49166 1.14275
4.58114 8.56743
5.54177 7.645
2.69121 0.131669
1.38823 6.56704
