2.10865 6.68683
5.35221 2.89225
5.39246 5.14671
5.43115 7.58554
4.35237 1.42488
4.6522 3.54602
5.79626 8.54457
9.412 1.82267
6.22249 6.61687
2.29458 3.57378
1.55324 3.73835
8.91737 8.78217
3.77721 3.95144
8.54382 9.16284
5.93422 7.78655
6.91909 9.29834
8.10326 0.686178
2.77073 9.56098
4.98846 0.945815
5.24463 9.38301
2.94492 9.98769
1.26841 0.843419
9.22468 5.98421
4.52572 7.80629
4.91299 3.55661
6.72052 7.58546
5.19444 0.854717
3.54989 8.41306
8.30055 0.835387
1.86894 6.90485
4.71087 9.34478
4.05187 0.904479
6.76459 4.55483
6.6451 7.14423
3.06363 3.04176
4.64733 2.34443
8.75289 4.21692
3.70598 0.515751
7.32088 5.02636
6.87034 8.06175
9.66594 5.62662
8.55238 7.40228
1.92792 4.92928
3.60875 0.215686
9.9878 4.04933
7.40297 3.74634
7.57126 7.66349
9.13887 2.01646
1.48046 4.33636
1.94503 2.7455
3.30652 3.67211
2.40611 1.94348
3.40274 5.03197
2.608 5.67936
