9.24249 6.7562
0.397943 4.06777
5.39196 9.19887
4.34154 1.16616
8.335 8.90034
9.65442 4.69868
1.03173 5.57674
7.71576 1.98017
5.02766 3.68608
7.72182 6.5007
3.65239 6.01134
6.24165 0.365794
5.75486 9.81587
2.1253 0.353079
1.69269 8.57461
3.4897 6.45154
1.76756 1.0151
0.0202799 7.99843
6.17108 3.47712
3.24675 1.69954
9.19239 1.34851
8.56744 2.07099
1.86529 0.566188
3.19867 6.70555
3.91705 1.47116
9.93452 5.30394
8.69287 5.59327
2.72333 0.188183
3.38286 6.51479
4.25068 3.62371
3.52322 9.51593
4.23184 0.357983
