8.20113 8.27302
7.98255 1.74614
4.18702 2.2688
1.90654 9.4151
7.52102 6.3023
9.13148 1.15409
3.42535 3.74691
8.40948 5.29981
8.02021 3.36152
4.25638 1.42603
1.37585 3.16483
4.45793 1.87442
8.91494 5.74109
2.92453 2.72666
1.23523 0.997097
9.95204 8.40479
4.23838 4.80954
1.61939 5.33472
6.19777 3.96372
4.98717 1.39492
2.20627 8.88761
8.2777 5.64222
0.420158 5.69323
2.70786 3.50526
9.39407 3.06201
2.38276 6.25044
5.78984 7.52752
6.49658 2.25765
4.74369 3.75351
3.50636 0.797502
4.94286 9.33354
4.57974 9.06207
9.23572 0.674526
6.3217 7.55796
5.14358 2.24521
3.13851 0.56355
9.6414 0.125464
2.7084 1.41222
5.84373 7.05592
7.95622 6.13146
3.38665 7.21441
0.732645 2.8043
1.44114 7.45866
9.89044 5.71783
3.66353 0.897007
9.55381 6.01747
