3.81372 2.41875
8.3906 2.14528
7.58937 0.640802
2.4608 2.18259
8.73787 8.43569
1.12242 5.64084
7.62933 0.00727698
0.164693 8.25747
7.47534 2.93012
4.69543 3.09909
6.63532 6.26644
3.94831 4.09082
4.65988 7.35606
6.17867 5.07785
5.42833 9.77433
0.365035 0.24018
0.0963596 0.976918
7.91333 2.79032
1.53187 2.63409
1.04315 1.62499
2.66241 8.52175
7.80203 1.1282
3.66344 5.77644
9.76047 5.70898
2.03926 2.61312
2.19071 9.86616
1.72207 0.300978
0.234707 7.7216
2.69417 5.0842
9.24245 9.44358
3.68249 0.641882
0.116909 2.4909
4.04681 4.33239
2.25655 9.82761
