5.4267 2.65602
0.131462 2.53141
6.86044 1.58376
1.21368 2.5467
3.05851 3.56153
1.4002 3.64158
2.65108 1.67404
8.56949 6.90077
5.02493 2.6928
1.23138 3.3327
4.49681 0.753151
2.92851 9.81526
6.52851 1.28709
5.83671 4.66412
7.27968 2.20285
6.98008 5.1657
3.35244 4.79108
1.28441 9.41767
6.95693 5.44521
1.55945 8.83054
9.64593 2.76451
4.10277 8.09438
6.7739 4.33557
5.93989 2.02768
3.24616 0.353599
5.46972 3.08406
5.15804 6.55541
1.48683 4.68071
6.30506 2.21952
6.98658 6.32315
7.4969 1.92916
5.28253 4.20035
5.85517 1.56432
9.37517 7.11346
8.56245 0.128769
6.82005 7.85385
4.44473 1.50165
5.36874 9.31045
8.46631 7.42624
7.01568 0.978942
0.753739 2.80587
2.57413 6.53053
1.46332 0.819662
9.05997 8.9059
8.18825 1.67984
0.169597 9.02807
9.85361 4.20894
1.80946 8.09823
0.6329 5.06179
3.82168 1.78963
0.175096 9.95394
4.11278 7.27054
7.73752 2.57594
1.86534 6.76933
6.55053 4.10947
8.04977 6.42173
