3.08228 0.796825
5.43336 4.62953
6.87716 0.319412
4.91026 7.95267
4.28024 4.31923
4.98043 5.83221
9.42367 5.91479
3.94712 4.66079
9.95918 2.25789
1.28164 1.67665
8.67784 4.92935
7.16234 4.2925
6.94937 3.05602
9.49273 7.14777
1.41218 2.89
2.96091 9.42498
6.43212 8.19292
7.93145 2.65414
4.10883 2.94096
5.6137 2.21224
0.821293 7.2342
9.26306 9.91394
1.74166 8.84332
7.4903 1.11027
5.14199 6.32805
8.09367 4.86901
7.34182 1.30886
1.89388 1.32458
0.179209 5.16677
8.86891 8.21005
2.73018 6.88864
5.06831 7.72376
4.20774 9.92015
3.62442 8.0725
0.852998 4.82677
0.762121 4.63446
7.10471 8.89676
0.320301 6.65928
6.29135 3.238
5.2085 8.85726
8.39072 6.35068
6.51787 9.8849
2.28538 5.61336
5.68361 1.6097
5.7225 3.89703
4.55739 5.83558
