5.44357 8.381
4.32994 5.80992
6.24959 6.95152
3.57232 7.75187
3.55472 3.0865
3.97261 9.34953
6.18519 0.743074
6.91063 5.71025
8.71613 8.54927
2.91706 3.85303
0.135745 1.54157
6.86586 9.82996
1.00614 2.35388
9.19844 1.69268
8.07558 2.87991
6.56583 8.85704
7.27785 8.56247
3.07007 1.13082
0.959428 7.22662
7.27722 0.767673
5.03849 9.35685
4.83192 5.35617
5.55314 6.74849
5.98273 7.80934
5.60955 6.57448
7.40394 5.69371
8.93197 2.31536
8.73109 8.65167
8.32014 7.3411
1.30027 2.21654
5.64659 7.57809
7.20518 1.46842
9.63938 1.83876
5.06128 7.17302
5.48799 0.457128
8.78907 6.63828
7.56393 2.08829
4.55254 1.00013
5.47683 2.65676
8.80034 8.61611
3.43943 3.73034
3.93485 5.14362
8.50715 5.6468
0.552754 8.93807
