5.32462 1.96207
9.20199 5.62486
6.78316 0.269307
6.96394 0.103801
4.86718 1.77999
4.21065 1.57898
2.44911 8.77392
6.36449 4.06408
7.28226 1.16628
8.29626 9.12201
9.14334 4.06101
4.67161 6.14183
7.4453 5.02607
1.20818 3.85061
6.89407 9.84103
9.25942 9.76012
7.26255 9.09363
0.658742 0.514632
6.84955 9.20912
5.88765 7.96389
5.37779 0.110189
2.52569 3.53012
8.57016 2.31577
6.18005 6.62406
1.64726 3.8491
0.722738 0.978811
5.46847 7.93538
8.62726 2.01303
4.22847 6.3111
5.52269 0.450074
0.764238 5.88939
7.13971 8.19766
0.849145 9.76602
9.56374 6.57318
1.69937 9.01504
8.64693 5.63645
6.591 3.98484
2.02355 7.73017
0.122383 3.21681
6.05924 5.18033
9.29606 6.53611
8.99236 8.99509
4.17588 1.1132
8.03396 2.63627
9.47128 9.51724
5.24215 3.59036
8.24385 3.14531
6.32065 1.15624
7.53255 0.280815
4.59843 8.54141
8.04012 9.79611
4.26547 1.78685
0.709869 3.39579
8.24473 2.43132
1.93304 9.14918
0.764014 9.34813
5.24408 9.01386
7.49842 1.62771
