3.8912 5.1168
1.55288 5.47004
7.66952 1.28108
8.44101 3.63467
7.97028 5.22713
5.10712 9.42106
8.23958 7.71742
7.46463 9.00223
2.3189 9.02802
7.06985 9.95407
9.10211 9.80733
0.936651 5.84917
1.69367 5.0767
9.31227 7.58958
9.20786 9.28195
5.89128 2.80829
5.53243 0.339263
3.98335 4.07929
6.28978 5.53713
9.69506 7.59404
0.276477 6.29014
4.2125 6.24585
6.66267 3.28392
0.164176 1.7586
3.10834 2.00512
0.363349 6.7248
6.20333 4.36366
8.59601 0.205629
2.82202 6.60254
5.23158 8.98118
3.72825 2.60816
1.9227 2.10408
6.79622 6.55434
3.13654 4.66556
4.77482 7.52885
0.428396 2.70695
7.49791 0.391967
4.6041 5.93638
9.06947 4.47765
0.827623 1.78236
