4.04678 6.627
9.12068 2.12918
5.25379 8.32163
4.62213 6.35798
1.89269 8.6937
3.482 9.13608
9.50375 6.38567
5.88488 1.45422
1.96371 6.45035
6.60838 8.81676
4.21218 5.57962
8.18463 1.5161
4.78578 6.71445
9.37333 4.01643
3.23909 4.48461
6.2307 4.6258
3.70286 6.72863
7.03735 5.06195
2.00987 1.16587
6.6821 7.32906
5.72693 2.05557
3.37819 9.96231
0.861072 4.67615
4.99849 0.535722
9.67279 5.31007
2.0246 5.93102
9.0831 6.05784
1.66105 3.21656
5.19841 2.25826
1.79734 8.89759
9.68669 6.87568
9.07359 4.60608
7.34862 8.94163
5.5023 9.78523
0.132492 7.12082
1.82881 5.42605
0.268452 9.89767
8.18886 8.64383
