4.92634 7.51698
3.96796 7.04899
2.09809 7.43196
7.21743 8.07321
4.68027 7.85864
6.60725 5.86618
8.65599 2.69644
3.0669 5.03943
9.46274 1.81495
2.04773 8.63242
4.155 7.01579
8.70445 8.16608
7.08975 4.2712
1.82117 8.56896
2.0296 1.76386
5.70823 4.22399
2.11374 5.90297
9.53109 4.62685
1.15782 4.84587
0.331082 2.78862
6.65148 1.91126
6.59165 2.55301
1.5293 6.64625
7.11726 1.20037
0.284444 4.46295
8.26201 3.48236
9.37441 1.54112
8.53329 2.38074
1.98278 9.61073
4.09605 1.37138
3.79596 1.97831
4.14843 2.57483
5.40912 5.73205
7.80737 5.30784
9.96751 7.78025
6.9168 0.772821
3.90296 6.96175
7.17463 3.66552
3.31967 0.443013
8.76399 2.56445
5.88995 3.91474
8.38837 3.76093
2.74031 7.9896
5.53099 3.42018
9.13352 4.66839
0.0803302 9.02403
8.29533 4.04025
5.81592 6.25746
9.95139 9.00725
6.5807 2.5055
2.09027 1.34947
3.01686 0.233798
