9.07763 7.93436
3.55776 4.51961
9.90431 5.10176
0.0128876 7.2399
1.69977 8.17946
6.53338 6.57488
4.02714 6.93992
2.6779 2.38053
5.94218 4.08232
7.48871 5.18596
6.21295 2.10877
5.48104 4.14299
9.28119 4.5352
9.91359 2.85988
2.80564 5.57022
3.33888 1.69816
8.87098 8.83996
0.757275 8.56673
9.37636 8.32277
9.12133 2.81026
3.75571 3.70191
7.25375 6.64819
4.6918 3.66371
5.32891 2.7931
3.22259 4.3609
5.93776 0.597575
1.21248 6.91038
4.9023 7.24356
9.64544 9.15095
9.50113 9.54166
2.76715 7.46824
6.39274 8.51354
6.95925 9.6858
1.20202 3.99603
7.13343 8.79889
1.27106 0.79525
9.78195 2.95429
5.95276 6.85354
3.60971 4.07221
2.60123 6.61008
4.6591 9.60138
6.92909 1.14861
3.13403 0.0202081
2.73144 4.86902
4.28247 5.55789
2.46332 0.390691
9.44311 8.31165
0.433685 0.625809
8.56747 8.89081
6.33937 1.79128
