5.57603 2.72632
6.49766 6.32247
2.50568 6.39952
8.28917 3.83982
4.57626 5.4586
7.30717 0.652364
4.67205 6.29834
4.81476 5.05356
2.09712 3.17361
3.23181 7.28886
4.78739 8.98733
3.07403 9.3721
7.5555 3.07728
0.179692 8.08611
6.53654 6.86117
2.01908 7.39557
2.73391 3.36648
1.97126 2.1522
0.421489 0.07572
7.23603 2.74866
1.85851 5.57224
7.55258 0.294711
8.91649 6.51465
5.43943 0.604958
8.52768 2.42257
7.27729 2.47494
8.11908 9.12697
0.0236103 3.20887
1.51895 3.22192
3.72194 3.5321
3.08796 4.59138
7.42488 5.62898
7.02337 4.28755
0.764116 1.98545
2.20038 8.61083
2.76508 2.03424
