2.03039 9.06714
9.43252 5.23044
8.76406 4.25195
3.02858 3.58326
0.913206 0.267424
4.93538 6.02251
3.84755 0.706227
7.27788 3.17937
0.372818 0.509333
2.70894 4.66683
7.57158 6.20656
7.52219 8.39504
9.84069 5.02675
5.07239 9.79136
8.19697 7.05667
5.89602 0.918991
7.91725 3.27855
8.04619 4.9575
4.75568 6.30522
4.57295 0.415976
9.76196 5.087
0.196524 5.89732
6.89536 2.93219
6.69574 3.31043
0.707243 1.39861
2.1875 4.04441
8.64174 8.36996
4.84332 2.83848
3.93958 8.74538
4.40466 3.12089
2.02017 3.16631
9.70092 4.87928
8.90851 7.67493
1.33482 8.43327
3.90584 0.248497
3.2457 8.6459
4.25911 9.9603
5.95265 1.52283
5.12948 4.72588
5.95235 1.78164
7.8877 1.00426
7.13586 0.555317
8.67587 1.21233
9.84597 1.79457
3.12621 0.101847
8.97751 1.11972
4.71949 6.69935
0.382784 8.83309
9.33943 4.96288
6.57306 6.55394
2.36518 5.97266
3.7915 3.87793
8.87951 9.36813
6.07845 2.28011
