6.41887 0.195416
9.67388 6.57688
7.69084 0.956925
0.845142 6.7688
8.42284 2.97204
6.31922 7.98856
8.65908 4.47908
8.34712 0.609833
1.8989 4.68799
3.26238 3.06176
8.8339 2.51784
9.97234 1.564
2.22931 2.7364
3.17814 1.86846
1.94512 8.31298
3.47156 8.33786
9.54587 7.78811
7.97338 0.714517
0.60733 5.88053
6.38564 0.409286
0.359415 3.04633
2.29861 5.66577
0.647169 0.608413
9.84954 2.75459
3.32442 9.16459
9.868 3.00471
2.25363 4.62166
0.993798 5.04087
1.49862 3.66811
5.4399 5.18569
1.2735 9.83351
4.5512 2.01445
9.36712 4.68882
1.49857 1.71785
5.1531 5.15037
2.54959 8.88309
3.90886 4.49286
3.74724 4.92153
9.75175 9.57971
3.08305 6.80161
5.22104 7.39083
4.04266 5.27054
8.0991 2.45412
7.78506 7.97406
