9.33706 3.63201
3.99358 4.20359
8.35742 4.76532
2.04792 7.69836
9.65196 7.19751
0.531498 0.801021
7.90705 7.65507
1.56545 1.09495
9.3438 4.55839
2.18615 8.59957
3.95809 5.82542
7.79588 0.658748
9.11633 6.11583
8.68631 7.70055
9.88705 1.54577
4.81637 8.55577
3.66283 2.93847
9.47308 0.70067
2.63786 5.30513
9.13768 7.8295
4.38578 5.43551
8.03189 7.00207
7.58249 7.13192
8.12819 4.28185
0.480264 3.13007
5.51843 6.97844
0.50729 8.8896
6.99885 2.15944
4.33984 6.42432
9.83382 1.10334
6.89366 0.759089
0.693349 4.23856
3.45487 7.85999
2.58947 8.76207
0.586789 7.28729
3.89179 0.0336001
5.12015 1.60683
1.60557 2.1696
2.70003 2.93456
8.1036 3.2977
9.48424 3.50722
5.22729 5.37446
1.71869 4.95834
6.67266 0.592424
8.00164 9.34605
3.9759 4.07948
4.95519 3.4691
3.27392 9.64933
3.48776 3.13359
2.13683 7.34526
1.68554 6.55699
4.72968 2.39315
3.08219 1.579
8.98996 7.20746
