1.4487 1.99644
7.32634 6.50009
4.20514 5.88407
7.95287 9.9804
1.73272 2.86353
6.06271 5.5817
0.55631 6.87451
0.776169 9.59748
5.62094 4.00668
1.45133 6.52055
8.34006 2.3436
5.45999 9.63644
5.68085 6.71271
0.835973 0.288464
7.39854 8.56579
3.06262 5.51876
5.87787 7.43265
7.73873 6.96352
5.70684 8.81265
7.70009 8.14936
3.13372 2.60925
8.51721 0.543091
9.46227 2.87172
3.99554 9.74102
2.35953 9.77873
8.39195 2.26951
8.45698 2.17096
1.43478 0.129262
0.559899 8.4137
7.57547 2.92216
3.90313 1.67328
8.2208 5.55456
9.84163 9.66571
1.63048 7.4523
4.51886 2.01203
0.815265 2.5593
6.22202 1.46612
8.83693 5.29816
4.49051 5.31093
9.78224 0.053744
1.65418 8.06224
3.60122 8.97219
8.70033 3.56212
0.146156 9.15491
7.30048 3.93512
1.05752 0.74889
2.112 0.671849
2.28298 3.7352
5.80344 7.2579
3.70697 7.49949
4.223 8.11032
1.92645 0.401617
5.75035 1.20461
2.12786 3.19881
