7.09597 1.03093
4.86793 8.37478
4.38793 6.75253
7.98552 0.782309
4.73928 1.94088
3.89799 5.41302
0.664093 8.55956
0.801156 5.13696
7.82897 4.70315
7.16626 3.269
8.09736 4.99601
4.52736 5.29564
6.90446 9.33134
9.24932 2.18157
2.77082 8.13644
8.42396 8.12549
0.249178 1.21614
5.88098 5.27569
3.06851 6.64101
2.85769 3.75931
6.9479 6.45585
2.15446 5.0829
5.37645 4.51845
9.51032 3.85654
2.36463 8.47068
1.77554 6.61679
8.74258 7.5806
7.42288 8.49114
1.75499 8.72785
0.516973 0.818653
4.0435 3.94401
9.51843 6.53349
4.56241 7.91898
4.12481 7.72459
