6.09214 9.84568
6.72431 6.59147
9.3399 6.34571
5.69415 6.3673
4.02734 1.68337
1.34133 5.74153
0.94779 6.4043
1.12822 5.7545
7.28444 8.46255
0.312414 3.68545
8.54167 0.565026
6.34762 8.4811
0.334118 7.31825
6.09754 3.28825
9.85332 5.11544
1.62098 8.22391
0.882336 0.742254
1.16555 9.99604
9.96799 4.79141
9.60742 8.26757
4.35658 1.16497
6.42666 3.22027
2.22981 2.95895
3.83362 0.307221
9.39452 4.01859
7.50719 9.06509
3.89175 5.13029
4.9901 9.24852
0.18426 0.585934
0.790896 0.809357
6.21366 4.43881
7.05386 6.31621
2.30357 3.26763
5.25921 8.98689
9.3652 6.4619
4.90014 8.82223
9.03176 6.5566
0.403059 0.978634
2.6059 3.81392
6.4981 9.24416
9.57666 0.336885
6.32869 8.19518
0.485392 2.33241
4.00804 9.31567
2.31617 7.28912
0.643716 7.91877
6.0697 2.56354
1.77218 6.88149
4.5791 1.77353
2.21103 9.68057
