1.00211 0.72044
6.03356 4.65084
9.91731 5.51496
9.07233 2.67416
3.16257 5.30706
3.58476 5.48031
8.10252 9.25091
3.9306 0.658698
1.95624 6.30189
7.50829 0.858795
9.91503 5.24448
8.03183 1.70338
4.87038 9.08282
9.23983 0.835582
9.84105 3.34662
3.51329 4.70773
5.07659 9.58328
9.95821 0.628323
0.477223 5.06098
9.75246 9.35856
1.38249 8.66366
0.716215 5.94629
1.34873 9.49707
5.37276 7.10053
1.97115 7.87202
5.84843 6.65458
5.11245 9.13676
9.14983 3.09383
3.29318 1.4096
0.000994717 3.91574
1.5801 8.98632
3.38648 0.317358
3.08579 2.88793
5.65613 2.12344
0.182585 3.47291
0.964623 7.19147
3.1698 0.307331
3.43786 8.59628
0.145337 2.3474
9.36161 0.484806
5.73829 5.15789
7.57149 7.8408
4.7468 0.505855
6.50267 8.24114
1.29718 3.87686
3.09923 6.35623
0.824377 6.93548
4.8112 8.2665
5.79843 0.55424
2.06166 5.13946
0.845483 1.82118
6.69877 4.11152
