4.87777 7.83954
8.21915 7.02106
7.83804 7.2008
7.66922 6.93499
5.7127 8.70777
4.27103 8.29671
5.87757 7.79491
1.20791 2.23649
4.91753 3.10095
0.277081 1.59212
4.98457 4.87531
7.30013 6.27137
9.51945 7.74292
6.63434 8.26931
3.73278 3.84729
8.83945 7.8438
5.31484 1.25481
2.17284 4.59056
2.08235 1.01121
9.78782 7.12772
3.53422 3.20899
1.48029 4.84146
8.12165 6.06117
9.33855 3.18914
7.08717 4.46928
2.00334 9.02392
0.995065 9.00001
3.75522 4.2339
7.55903 0.707345
8.36997 3.99481
8.18275 4.01506
3.9296 3.23401
5.42048 1.76564
5.8443 6.15601
8.20909 0.677367
7.61336 1.21511
3.1956 3.90328
6.25949 4.92445
9.37645 0.62434
2.17127 7.07615
1.33662 8.947
8.79703 4.38193
5.46118 2.34172
8.26886 5.05674
4.95927 0.354681
0.0969434 5.83138
1.50576 1.64124
3.75876 6.69503
7.23116 8.41465
0.713682 3.92746
9.33229 8.50683
2.14698 7.28505
5.4042 5.31941
0.739403 5.25756
7.36638 7.79187
0.800677 3.6239
