8.07422 5.16595
3.21921 4.11889
5.34622 8.69108
2.78357 5.06211
0.906524 2.14899
0.560216 6.84524
1.0034 0.455485
5.12262 2.43616
7.84565 4.26802
6.08398 7.7103
3.97735 2.68195
4.33118 3.73078
7.94078 7.1737
5.54433 0.715373
2.68319 4.94402
4.87478 2.08433
3.12468 3.03862
8.19043 6.02212
0.265514 4.51042
1.26 2.3718
4.36225 1.13658
1.35931 0.509228
1.66896 4.6897
1.32432 8.31324
1.93687 4.98739
7.7897 2.37535
9.53378 5.00381
0.61645 6.623
1.97419 1.27328
7.69348 3.1229
4.51953 8.75164
0.220341 5.63078
7.99261 8.56339
8.80713 1.56843
9.0575 6.96091
3.97907 3.51617
8.42949 7.16033
3.28886 1.78104
