1.30173 2.67497
5.23727 9.86423
3.7973 5.0593
9.00665 0.946058
5.70128 3.22213
2.44542 3.51778
7.35882 9.07983
3.16209 3.00855
8.09629 4.76007
1.59707 6.93382
3.2626 5.28083
2.32119 2.7134
8.64982 4.28446
9.61749 8.16079
2.82591 7.53565
4.35518 1.75162
8.15351 5.41548
5.00405 6.55074
9.8631 3.51708
9.71739 2.00619
6.26167 4.5335
6.88622 2.34003
2.52465 1.6568
7.30558 8.53034
0.239415 9.06199
6.58457 7.94041
8.08116 1.22708
5.79716 7.65609
1.24875 1.02031
1.58253 1.82046
9.19731 7.49667
4.23619 8.80139
4.08088 1.73476
9.73197 1.44681
9.29009 5.4425
4.24688 3.28719
5.32131 0.448695
9.54266 3.14007
0.759513 2.54382
1.02479 7.69301
2.1315 7.35233
3.64381 8.50196
1.57072 8.26042
8.09656 8.82355
5.42351 7.60037
8.22302 2.58703
7.79322 7.5502
2.60111 1.5596
7.89863 8.24912
2.79279 3.09804
1.18356 1.65031
2.95994 6.96391
9.4509 3.89425
0.783341 7.19571
