1.70749 8.23983
4.39623 8.4271
0.465258 6.92282
4.0276 5.76999
7.65318 4.97514
5.17306 3.81815
7.28152 2.05169
9.51729 8.37617
1.83867 4.84777
8.42129 4.69379
6.33755 1.74897
3.46473 6.07417
0.844595 8.2228
5.83821 8.00734
6.07009 8.08686
5.54011 2.38414
9.74873 7.28964
6.00622 9.23873
4.12753 7.98888
1.09018 1.57589
9.284 1.90989
3.55816 1.69411
9.01179 0.113664
7.27268 7.71733
1.10916 1.50772
8.03022 6.37441
6.31277 7.15003
8.20636 7.58058
3.32311 2.09764
7.53997 1.86097
9.6279 8.58789
4.61241 2.34023
8.72646 7.94645
8.21509 0.654848
4.99252 5.99843
7.9661 0.313087
7.63776 6.83296
0.90675 3.51776
2.29207 7.18591
6.36992 9.11549
4.55511 1.12286
4.28335 7.36877
8.37865 0.993842
1.73483 2.74214
4.36732 2.87491
6.00723 7.38851
5.50285 8.22858
9.07967 0.75787
1.56098 6.17047
8.53705 2.95189
0.087274 4.79346
9.61772 2.06079
1.92703 7.87618
3.02059 9.79682
4.89166 2.45975
3.78424 8.93995
