6.0922 3.93661
5.89666 5.2001
7.895 5.53923
5.29082 0.678208
3.6426 4.78372
3.39538 9.3783
7.58787 2.36583
6.21846 3.36365
4.32049 5.26963
7.01797 7.36384
4.1055 7.94518
8.63173 3.03286
2.44664 3.54762
9.8407 0.28183
3.64066 5.1264
7.19186 5.38686
5.46125 7.08705
7.58413 7.8758
6.40743 8.32162
3.65395 8.02483
3.5934 3.54247
3.20044 6.19026
9.14213 4.64209
1.83237 5.05979
9.73557 8.28834
3.04568 0.393829
6.39868 7.69936
5.97231 0.0865549
4.96645 8.68032
0.84556 8.89257
7.21919 9.28216
8.82287 5.54891
7.27322 5.40019
3.78101 4.91018
3.19623 1.94179
4.37193 2.98291
8.61325 6.55966
0.649535 1.17076
1.74528 5.70566
1.26982 2.89046
