9.51683 2.40168
8.79521 3.80944
0.113258 3.05664
2.36602 6.30584
6.6964 4.77883
6.96059 8.61309
1.41274 5.53146
7.25576 9.1591
4.1272 2.36203
2.36335 6.97132
5.73818 8.15124
8.69437 3.82512
3.3839 0.892962
1.14558 6.0171
5.41806 9.48773
3.52005 7.05471
8.65331 9.04851
0.5652 9.60147
0.819067 9.15778
3.96941 3.85979
8.90271 5.89688
6.21423 0.12959
1.64256 7.55772
5.95794 6.19324
9.89282 0.0619162
7.39468 0.416779
0.501807 6.39752
2.28192 1.77839
1.43579 8.05329
5.49748 7.87414
8.8357 3.70962
3.81392 8.81334
6.96103 5.27601
3.79744 5.36127
8.72825 9.92139
8.13266 1.60666
