6.84965 5.28883
8.44107 9.44843
7.65285 8.97715
3.9037 3.26767
8.26991 6.96077
0.294739 3.01366
0.496777 8.42051
6.87121 8.27289
0.979863 5.38203
0.973753 4.07611
7.08375 7.146
2.43897 1.35192
7.99169 5.24343
5.38797 5.26626
9.24006 6.84027
3.80522 2.4591
4.73429 4.0887
0.729357 1.28168
4.45103 2.35102
0.965055 2.07859
2.27922 8.59934
5.29736 7.62134
2.38245 4.4572
3.48564 0.9646
8.48654 6.39766
0.189517 4.2656
7.28692 4.27711
9.00147 8.99675
2.21698 1.43844
1.53821 6.62581
5.10992 0.256547
6.90863 2.13693
9.68474 6.30364
3.2324 8.29238
9.2915 6.90344
0.891323 0.573888
