0.780222 0.974832
8.06131 4.26632
7.86099 3.07867
1.3918 7.76346
8.88407 6.69542
5.279 4.19125
0.972714 8.25217
6.95376 0.340841
4.53296 9.64073
5.57506 3.35973
5.4757 1.58585
6.86475 7.88603
2.98796 7.27818
0.391387 0.479935
6.47819 9.13483
5.85788 8.15216
0.866849 6.60625
1.98304 3.22659
8.65803 3.74445
0.0365203 6.79532
0.459017 9.05734
8.95005 4.60279
4.89584 3.07346
7.80549 5.4171
0.765884 2.86139
1.32357 4.64546
3.8431 6.20506
7.0637 2.3857
7.09835 2.73409
3.71945 3.28966
0.992257 5.08218
1.99527 1.86292
4.79474 2.41286
9.81221 8.48742
0.66446 6.52737
7.52275 0.96748
7.04878 5.74425
5.62983 1.87578
2.40306 6.87611
2.21224 6.38143
9.11915 7.5692
1.89052 0.0452312
0.65835 9.83624
7.19065 6.68713
9.43592 3.00236
3.42519 2.03698
2.82383 9.87939
8.05337 9.42011
2.40212 7.30764
6.87654 7.44697
9.90756 8.35182
0.567349 7.70002
6.15173 6.08005
0.32648 9.24532
