6.44039 5.02457
8.95552 7.28114
1.60459 4.80856
5.22795 5.06067
5.31425 6.99645
6.76381 4.25163
4.54018 4.43857
1.60596 9.62156
3.69586 2.48938
0.219715 2.43976
5.84562 1.06141
2.47743 4.99208
7.07777 3.87301
9.16377 0.513826
1.53109 4.40124
5.40988 0.268437
3.75908 1.68759
5.44086 0.839336
8.5663 9.89427
2.91572 2.01916
7.76099 7.32691
5.61704 4.47768
7.76139 6.23159
7.23529 7.12641
3.07831 4.7175
1.82402 0.0834249
5.53904 6.11204
1.79949 6.8217
3.0711 9.54329
8.93544 1.94903
7.54743 9.6022
6.89479 6.40909
9.42501 3.28748
3.86856 7.10307
2.2948 0.522137
4.41387 7.17016
4.0184 3.56766
1.55526 2.4045
7.7178 9.56937
1.16877 7.72004
8.78894 1.99603
4.23356 7.42643
8.40505 4.22376
9.20849 9.91519
1.4628 6.07768
7.04093 6.72217
5.53749 0.760505
3.51405 2.48281
1.99571 6.57815
5.54187 6.46596
4.83316 6.52085
3.90677 3.94518
