6.3434 1.49799
1.19175 3.38673
0.77251 7.84115
6.18294 7.48329
1.41051 8.88847
8.30153 6.96732
4.02071 3.59105
4.92374 1.10591
1.26913 3.6189
7.63966 3.27546
7.14621 6.04445
3.86922 6.50858
0.354442 5.04671
6.34797 3.33708
1.97476 0.452499
5.72321 3.49214
9.80076 6.64003
4.93348 8.00741
4.22438 8.51235
7.88774 5.42965
8.79319 2.83056
8.21053 3.73417
4.74743 9.49681
9.55869 5.32845
7.57519 1.62055
6.86427 1.98588
7.86821 7.05245
1.34416 3.30662
2.74526 7.75447
2.18281 3.28204
1.58028 4.84915
5.2509 8.01043
3.49693 9.50425
7.1923 0.484064
3.02033 9.48789
3.3382 5.15127
2.9197 9.92378
7.11175 8.13294
7.23015 3.94255
6.33043 2.33088
