5.67917 0.0157272
9.41517 9.23116
1.43095 0.556992
3.64632 3.03197
5.80519 6.15407
0.351448 1.42371
6.05342 3.87106
4.92331 3.15287
6.62254 7.11068
2.75158 1.4657
0.779306 7.89276
5.90453 7.83143
8.65881 9.53892
3.98058 0.654744
6.11542 6.23694
8.63892 0.163195
1.44245 7.07227
7.76617 4.5838
8.82745 9.86432
7.82425 5.20932
9.73242 6.08277
5.41832 1.86905
0.686737 8.12416
0.54872 2.90983
8.81716 6.09353
7.67209 5.08353
5.83201 7.50726
0.649557 9.77351
0.260443 5.02975
3.00062 6.10596
7.25621 0.661804
0.414559 2.09743
4.14462 8.39653
1.51481 5.01285
2.68926 1.76707
2.26214 0.975386
9.94007 3.09261
8.74473 5.25467
1.1546 7.58256
5.08459 6.19082
7.96681 1.45789
0.277117 3.30976
9.51118 5.93416
4.08342 8.94844
2.16647 3.32795
0.48691 7.01042
1.34097 6.70739
1.72865 6.15444
2.29496 7.62923
2.27772 4.96225
3.1452 0.689974
3.21542 7.52531
9.02403 6.65529
3.98551 8.50986
9.50669 0.339025
7.98926 8.57761
