1.76825 7.57713
3.16682 7.0903
1.33944 7.4968
5.26832 8.48851
3.52049 2.2287
7.93025 8.02742
0.439323 0.339623
8.10776 2.16082
5.05177 5.00215
1.56457 6.91559
7.36286 7.93105
9.17 8.54136
6.64875 7.36522
9.86962 5.64513
5.27425 8.56442
4.77392 1.64151
6.76304 4.05248
1.93481 7.4574
5.30146 8.5532
6.87699 5.41048
3.10283 1.52567
4.85259 0.815839
1.98323 7.06888
0.417122 8.7413
9.21971 4.2357
6.02033 5.63483
8.83635 6.40896
6.21612 3.50647
7.5697 6.41382
6.80947 6.08816
5.30706 2.52525
2.01447 6.8376
2.02709 2.21595
5.18619 6.7823
6.93443 9.95024
4.16073 4.90927
6.49887 0.314781
7.40056 2.34376
0.573355 0.539488
5.15938 4.38446
5.95563 1.23913
6.8323 2.6028
7.49133 6.84746
0.261975 7.40417
7.84839 2.71811
3.23668 0.70659
3.82251 5.35888
5.29334 8.40631
7.60057 1.1699
2.37595 3.15639
9.22845 8.27531
4.86924 0.426036
2.66496 4.78785
6.9458 3.47973
