1.41672 7.53429
8.73799 3.61059
5.49409 7.28401
9.29209 9.61814
4.0002 4.30252
9.80569 2.18689
7.32686 8.57124
9.85583 3.94598
2.48231 3.89117
4.77998 8.28185
9.76494 1.36392
1.16363 6.535
5.16355 0.472338
0.805158 5.76419
1.59904 5.95572
3.84803 5.83339
5.0632 8.32623
4.60101 9.30925
1.01626 3.33198
9.52896 9.08885
7.57625 0.726804
9.80622 7.82253
0.327408 3.81374
8.90957 7.14858
4.67628 3.08606
7.80162 0.78784
3.6985 9.48111
5.36226 2.01488
1.36893 7.73126
7.90087 0.955437
1.48466 9.13391
0.365691 3.39993
2.28727 2.94145
3.97971 0.651758
9.52493 7.58336
8.22366 0.757651
6.67247 5.07434
1.51485 8.35347
2.8276 6.55329
5.68608 0.256064
8.97242 7.72169
1.64795 9.45
9.62669 0.937136
8.95739 6.27401
4.31295 2.72198
2.05322 7.1544
4.96738 3.58824
4.86648 4.46696
0.378846 7.58142
0.967305 7.70137
