9.20427 8.20926
5.76539 0.855013
9.81135 8.49409
8.6121 6.1749
7.03513 8.11057
4.71571 1.9482
0.353509 6.76587
3.38009 5.00295
9.55281 0.441099
4.57739 4.51554
6.0003 0.516828
2.22462 1.96435
7.55813 3.59816
1.53262 6.89501
2.38075 3.91686
1.43483 0.0803651
1.73718 6.75333
6.85765 4.68822
6.25023 4.35925
6.42891 5.09605
0.296356 4.85609
9.63692 7.50362
6.04101 6.26115
3.09883 3.53234
4.53351 1.90444
9.29786 6.83495
8.38983 0.0610986
2.33938 6.0567
2.3063 1.67656
8.47794 2.08738
2.2154 0.0764567
5.9953 8.67034
5.17357 7.35521
3.80018 8.45882
9.80659 9.96311
3.87585 0.488461
4.43098 2.77163
8.33267 7.5353
9.2084 6.55772
4.231 8.54283
1.10907 0.734437
3.67897 8.16631
6.98101 7.78429
3.71681 9.94529
1.39635 4.33286
9.44339 3.01157
0.989525 9.69151
0.287939 4.01401
