3.48069 7.32298
4.71723 0.822367
5.52316 2.38862
8.07884 9.06141
3.1772 1.31891
1.59886 0.681925
8.08511 5.75349
7.95978 3.33466
6.57261 4.4358
3.27828 3.69656
6.01043 4.81292
6.3013 0.488863
7.31722 8.77472
3.00454 2.09638
2.40857 4.11889
7.88139 4.2393
0.422628 7.97242
6.44538 0.158022
3.78016 1.49374
8.9355 5.25138
0.336855 1.50419
8.56958 8.31373
9.87798 1.12301
1.55219 1.37366
6.57823 2.90903
6.87621 1.42701
1.99537 2.64862
9.9093 2.74324
7.98535 2.93959
0.027229 5.61539
5.54615 6.15215
5.48808 4.36928
2.47942 5.73726
8.7801 5.23119
9.71798 3.10546
6.2435 3.89365
4.93373 8.73689
0.61727 6.91041
4.53721 3.79569
4.33782 4.29579
9.82551 1.09117
6.07568 3.82719
9.79826 1.25581
1.5488 1.23181
2.20107 4.16597
0.480772 1.07796
