1.95192 7.8561
0.328534 8.147
5.60515 9.64114
0.926573 4.17811
4.36307 1.40946
0.105599 2.08214
7.93657 5.71593
6.42465 5.1781
9.29859 5.58748
0.157302 2.9843
5.40305 4.75183
3.07656 0.806998
7.43504 9.55341
0.689588 1.32377
7.89053 2.03728
2.39181 2.60984
0.61506 1.08955
4.67341 5.65786
7.84656 3.6893
8.43903 9.84898
2.16233 6.58564
0.986463 1.86254
1.39926 9.12827
2.94648 2.09791
8.6337 3.42846
4.85284 4.44045
6.79052 9.55481
0.941268 6.66366
3.67726 6.17779
1.97225 2.75067
8.07016 3.80975
8.46691 0.865511
6.96602 4.17746
0.00437004 5.09606
9.97377 5.55207
1.95982 3.22237
3.39249 5.75156
2.45655 5.39926
