7.74961 1.06652
5.03795 9.87111
0.187911 6.45343
5.28197 2.9177
9.91175 6.41108
7.37712 0.41218
1.24821 6.95717
5.43526 4.49895
3.7208 2.16072
5.99302 8.28885
9.49428 8.64326
5.78573 6.1685
0.155971 4.77095
9.8106 1.74078
0.376085 2.72989
3.43186 7.52064
9.32888 3.84291
8.58999 6.68746
0.60311 9.35498
8.13955 7.50439
1.88538 0.92176
9.76277 1.91074
5.45739 4.40757
8.14006 4.23601
6.54074 8.47518
2.48454 3.85237
8.09375 0.887409
2.6208 4.97867
3.94035 9.11548
6.76751 9.13099
0.28294 4.39122
8.31 4.79981
9.93047 8.08757
7.9145 2.3742
6.66416 3.65114
0.209702 5.44854
6.63631 9.20795
4.75849 4.76626
4.17681 8.63162
4.60717 3.35877
