8.59557 0.549985
5.52109 9.74265
5.49543 3.81821
4.98405 7.51324
8.03789 4.77707
4.71614 1.48729
4.41009 0.503543
5.65582 9.91607
1.16432 4.6329
6.30351 7.12851
7.91429 4.55114
8.40924 7.90992
5.84664 6.55937
4.62881 9.58578
4.53051 6.52014
3.36937 3.81879
0.233702 5.68433
8.68044 7.28149
7.25134 1.04059
8.95991 4.13459
4.30898 5.67211
2.52783 1.33455
3.27945 9.49919
4.06072 3.78306
0.803906 3.57518
3.28195 5.00959
2.67631 4.80537
4.12652 7.05742
4.70264 3.21087
3.70323 2.33264
2.96626 2.28213
7.36138 9.09169
9.67474 4.70095
1.20681 2.8007
5.54554 9.32868
6.27093 9.78685
7.50777 6.53133
2.36068 9.68735
1.98829 1.46846
3.87898 9.15525
6.11895 5.32395
6.91504 1.88133
0.685998 4.58757
3.61173 6.60737
9.37877 0.997615
2.74072 4.18619
5.44556 3.83952
1.46624 3.2549
8.29442 2.28712
0.709012 0.0529359
4.21668 9.79083
0.333321 5.73605
3.0442 5.22523
5.3752 2.56241
6.42953 7.23928
1.93788 7.57402
