3.55998 4.47453
6.45809 8.90324
8.26738 9.84147
9.84747 0.524393
1.49257 7.76603
2.60453 1.11091
3.89289 1.18724
1.19365 4.54084
5.03722 9.35939
0.0268107 9.09715
6.72439 5.18324
7.70816 7.84194
9.48414 5.23979
3.50667 4.25563
8.67668 0.330079
1.41778 6.24007
7.75046 0.263504
9.00427 9.59784
0.0310614 0.711533
5.33376 2.15631
4.94342 7.43274
4.62604 3.60545
7.43677 1.8679
7.49264 6.8757
4.13297 5.59001
6.85583 4.78618
2.94542 3.38853
2.62751 2.69055
5.92322 3.58123
9.76759 6.28732
3.38542 5.27791
2.01937 1.09782
4.19907 5.81554
2.11454 2.94446
9.33696 3.15853
6.1451 6.81756
3.92309 2.37341
4.702 0.275121
0.914434 5.77071
3.84801 9.92789
3.34332 9.04013
5.68787 6.34415
5.73679 4.81086
7.98962 2.16269
9.42077 1.92648
5.38085 6.53887
6.80758 8.28983
8.20418 7.45079
7.47801 1.7803
6.20359 1.74707
8.28638 7.83534
0.926381 1.71125
1.6808 0.618656
1.85284 1.93725
