0.725432 4.06483
7.22582 2.7077
0.307857 3.60242
0.515853 3.25998
2.64617 0.133983
3.25797 3.34048
7.99376 1.76645
7.53507 1.3798
1.15489 7.56317
4.90726 0.777215
9.97748 8.45164
0.681215 1.58573
7.09877 3.76193
4.30741 3.47219
2.61615 5.08261
6.05774 2.48373
2.56256 4.01004
2.66897 9.70674
3.41343 2.77758
5.7575 8.41391
3.17401 5.72434
8.19209 6.7769
3.84953 6.15006
4.25429 7.78953
4.83692 0.199763
3.39287 6.38017
4.39237 0.451862
0.353131 4.94061
7.13287 5.19152
0.26847 4.75779
2.62377 6.644
7.71982 4.08384
4.79891 4.62213
4.32461 0.618451
6.07383 2.51985
5.54922 7.73343
7.91458 3.56984
7.90287 4.50773
6.34036 6.19954
7.04361 1.49634
6.88047 0.849027
9.30744 0.557453
1.28144 8.46923
0.961288 4.54394
2.23348 3.91399
1.63504 2.68969
