0.61674 8.7697
8.89967 7.87399
3.81932 5.08757
5.25325 7.2495
7.30927 1.87121
9.06939 8.1835
7.88666 5.48484
7.219 5.71761
6.70631 1.74931
1.60358 0.548834
4.44068 9.18262
1.45979 4.52292
4.23571 4.11107
8.20461 5.40439
7.231 9.14169
6.98729 7.0512
9.22345 8.84901
1.17321 3.43873
4.49911 1.45422
0.398352 9.18242
5.34841 0.515914
7.19336 4.89086
0.663199 4.92495
9.38085 5.71773
4.30053 8.2611
3.75328 1.69744
6.38168 5.35029
9.58007 2.2977
3.64549 1.70558
2.40976 7.78421
6.45023 2.02034
8.80136 7.48132
8.65456 2.68204
2.97004 2.69119
