1.82512 0.169302
4.81622 3.91118
2.01643 5.52011
3.55837 2.83693
2.19218 5.24206
4.68845 8.4834
0.808795 6.25469
7.62415 2.35302
3.68259 6.8093
4.08174 5.15686
4.84328 2.2973
7.22538 6.30917
7.9412 5.43509
2.71811 4.31194
3.61471 5.40574
5.22198 6.91967
1.91178 8.86393
9.49373 2.84113
4.6259 6.48548
1.51695 0.541171
6.38693 9.29441
0.987456 9.43579
4.26453 2.15972
6.17245 9.01961
6.83336 1.0834
8.86809 2.74649
8.71649 2.3709
1.52568 5.14156
0.669524 7.71114
4.3509 2.8796
8.86925 3.72242
3.13401 5.28286
4.63582 7.4391
7.01114 0.222389
2.0206 8.59665
5.2465 2.61674
