1.0641 3.31046
8.4804 1.34178
2.56223 3.35719
9.00841 0.6718
6.74214 9.74015
7.87799 8.44471
5.33538 2.68831
3.77471 6.42227
5.99343 5.21153
9.79575 7.50084
0.246938 6.88814
3.71591 8.70248
4.72719 8.47535
0.127912 3.91424
6.55661 5.69857
4.85015 0.605831
0.429552 0.356674
8.63638 6.78205
0.90927 2.72775
3.1931 7.72776
4.95015 6.04953
8.4478 3.99803
5.15372 4.36984
3.52212 4.80767
7.14482 5.85892
6.31289 1.29339
5.46433 4.72283
5.32915 9.71917
3.16513 3.75855
3.3191 8.91162
6.48923 0.49436
8.05842 8.38045
0.887129 5.13439
5.04834 8.00356
6.10979 4.68148
1.38806 7.77148
6.85885 7.09919
9.56677 4.42297
