6.17225 3.70745
5.61261 2.34154
6.91093 9.38549
0.599842 9.48648
7.72831 4.0754
4.14258 0.458491
6.69326 5.53505
0.10204 6.53693
2.2998 4.19435
1.36397 9.14915
4.49268 3.25223
2.39214 9.18514
0.197551 1.5824
0.308105 0.364278
4.22864 5.29327
9.70755 0.00738328
1.61208 5.25776
6.72888 6.97665
0.468844 2.1041
6.19475 0.96616
7.90011 1.95199
0.0773656 7.2585
1.19669 5.4045
9.76546 9.86494
4.47406 4.28942
8.86054 3.7926
7.25639 3.40685
1.91179 6.39533
5.48631 5.69734
9.68444 0.0636361
3.9821 8.34866
0.611058 4.24232
2.85806 1.21363
8.63613 0.968954
3.43094 3.43516
8.04635 2.21584
6.12535 7.66109
9.39734 5.33013
0.184009 6.85166
5.0571 0.457219
9.87288 6.01157
4.33058 2.5752
4.55667 5.33326
1.18548 8.7527
6.97436 9.56807
9.25561 4.53012
8.92289 4.96565
7.9129 5.42923
8.7171 9.33835
4.65327 9.32228
1.01395 2.21246
0.125462 7.56117
5.90185 7.46795
2.92463 5.13307
3.2805 8.57672
4.33773 2.79191
3.54159 2.09493
3.05538 4.68449
