6.81834 0.662237
9.64457 5.17922
6.1413 0.615787
5.26202 0.4788
7.96411 2.444
1.56386 8.75946
3.32985 5.7242
7.8706 1.01944
8.90756 4.65772
1.13748 0.764972
9.78935 5.80866
9.42405 5.57211
4.6721 2.59755
1.54763 2.15353
9.08391 6.25424
9.93525 0.284168
0.604626 7.52631
8.83486 6.00612
3.64678 9.26151
4.98411 5.65819
0.475533 6.45955
8.36925 9.35161
5.15304 0.970384
3.68055 0.767341
0.355863 7.7628
0.800981 8.21721
0.232872 3.602
6.81581 6.49228
5.78358 9.51074
4.29776 7.43704
1.02091 0.94728
6.37891 3.63242
8.17183 7.9771
0.809612 6.41477
3.89758 9.15923
9.16975 1.42919
5.79753 2.24042
1.65626 8.8265
2.57463 0.518619
7.72737 2.50956
2.78643 6.32738
9.43348 8.08998
8.43001 0.0745044
8.65821 1.46178
3.21502 2.04597
9.87323 5.32534
0.850062 6.36004
5.02969 2.23402
6.55803 1.95164
6.21288 1.18674
