1.19718 2.13298
2.29364 7.87364
2.27185 9.36514
2.29359 2.54266
2.83726 4.65472
0.160078 3.2366
1.03989 2.33684
2.96919 0.208196
2.06858 2.31985
2.39668 2.81325
5.94933 1.70779
1.49664 3.90609
4.91978 1.77334
8.09358 0.699062
8.56785 2.18059
4.64191 7.39773
6.67387 2.43852
7.77981 0.538072
6.02802 1.17713
4.03535 7.86426
7.34318 8.71076
8.24135 9.07035
4.6583 4.82095
3.6943 1.13758
3.58338 2.68219
4.91728 9.91803
9.06233 2.13659
5.29382 7.14579
2.73754 4.81519
9.67305 3.86372
5.30263 8.01041
1.05548 2.58214
0.0321433 2.00479
8.98845 0.578925
4.30668 0.176258
2.70822 8.64685
5.85634 8.33328
9.34412 2.96179
0.173577 3.28309
1.53603 6.4255
3.77271 8.82579
1.99135 4.38198
2.19966 5.45534
1.71493 6.00388
7.54295 5.58698
0.182845 8.92931
3.99548 6.99921
6.08921 8.01431
3.18945 1.70309
8.72633 8.45702
1.57991 0.031441
8.012 3.04286
3.15156 2.25152
6.52628 8.52576
2.39651 2.91403
2.37624 3.89359
