7.72233 9.81974
8.11623 2.69095
7.79493 1.00108
4.64067 8.90676
4.95463 4.96815
5.40418 5.8945
9.76179 0.865787
2.95262 2.58698
0.0224739 0.580413
8.7507 8.05967
8.62796 6.64479
5.26958 6.81895
4.72778 0.96911
4.2044 0.994735
5.82503 9.54023
6.88418 3.04646
8.80197 9.9156
5.53263 8.42192
4.34547 5.29034
4.31022 7.42605
7.3743 8.15618
1.27512 4.19031
5.19898 8.54825
1.67543 2.12869
5.29313 4.96794
0.136118 2.10907
9.15311 1.47785
0.931223 4.56627
6.09361 5.88372
2.25472 2.44097
3.61015 8.88443
1.41338 6.09159
4.84859 0.38187
8.0793 4.79716
6.34453 6.07375
2.26949 6.01488
1.09207 7.83587
2.27177 5.59912
0.68038 5.31895
6.68107 6.36054
