0.739302 0.39352
3.9229 2.79852
4.59674 2.98705
2.1931 9.62914
7.43702 7.95142
2.37861 3.55245
8.68274 6.08436
3.69826 5.93048
3.19476 8.79212
8.81691 2.40707
9.60926 1.93824
4.29419 4.11616
2.79899 3.70956
5.61203 8.07086
5.9511 4.82931
6.83035 3.32666
4.91744 7.67103
9.80188 0.989534
6.42147 3.52173
8.56959 5.97244
0.569844 1.41325
0.640942 8.8913
6.63846 0.686702
9.51664 2.8903
1.49879 8.61282
0.19488 6.83907
6.65466 7.30256
3.88464 6.63112
8.65633 4.82887
9.69767 2.83562
4.71523 8.24771
7.28707 4.97604
4.74739 6.46144
2.59258 4.80332
2.85171 5.50419
4.71191 9.21767
4.13748 4.21086
1.47792 9.67521
3.54171 9.3146
3.915 0.922674
0.0469011 6.23952
3.20077 8.59154
5.74172 4.13147
5.85371 2.0988
4.77325 4.3497
3.61809 0.598092
5.59236 2.84013
7.81667 8.12954
0.124557 2.96282
2.38703 7.69292
