3.84154 4.97821
5.64699 8.3945
9.81132 6.64822
3.0921 2.88232
2.92547 5.45247
9.63232 4.44607
0.159062 0.1387
7.07943 9.82376
4.35072 1.02213
6.30904 5.24974
2.19822 1.57997
6.24975 1.41608
7.73268 8.2581
9.72102 3.31031
2.71039 9.18295
2.74793 9.58645
8.34368 0.0186535
0.228207 3.134
0.410578 5.18148
4.10874 3.13533
7.11954 2.60008
6.59775 7.28209
4.37384 6.86408
4.70735 0.612651
4.43449 4.02321
3.94356 3.50541
5.11629 6.42006
3.474 4.35817
6.68657 2.98948
7.13431 9.65675
6.28563 1.63
5.70515 2.62037
5.69916 6.43401
3.03712 6.21629
