3.63512 4.97454
5.39123 7.1672
0.314926 1.20372
7.927 3.78474
2.09058 6.48438
1.31812 2.98622
0.125813 7.32825
5.39936 5.44343
7.09097 6.23224
7.21542 4.72784
9.21466 1.72394
7.82167 0.915128
8.98984 1.88085
4.19498 3.83407
2.01302 8.72622
1.57258 4.20336
6.60697 3.50422
0.994255 5.79284
5.24527 2.51437
0.696004 1.44001
5.30253 4.93165
2.08034 1.27363
7.53732 7.64301
0.752494 4.09663
7.16181 6.58184
0.797669 2.94345
7.46255 8.46246
4.84969 6.5317
0.159749 0.525052
3.48467 5.27858
5.11382 7.85333
7.99153 2.88489
3.03676 7.46399
5.68946 8.68852
5.74016 1.27996
6.95396 5.2286
5.99947 7.77502
6.99749 7.51974
3.95264 3.75289
6.76873 8.06927
0.929004 4.55695
7.90557 5.63452
2.82496 8.11511
5.97334 4.18563
8.78309 3.45379
3.00529 0.30121
6.1702 1.46354
0.428903 9.5071
7.86751 8.55934
2.51293 3.30771
3.18731 4.14727
6.4721 5.23834
