6.06398 2.54127
5.22292 7.59441
5.97105 1.46159
4.24415 9.5067
2.76568 4.09657
1.47812 9.96394
8.0295 3.49297
1.57844 4.24918
4.75249 2.5006
6.4698 5.07503
6.73085 8.4177
9.53914 8.68214
8.7077 6.70497
4.94042 1.99007
8.47395 3.99503
3.87556 2.22875
0.776969 2.92939
7.63147 5.07337
3.23456 0.714825
2.00224 2.94118
7.75889 0.181859
4.99597 0.222567
5.63088 8.96278
9.91979 6.885
6.98247 2.37954
6.04983 5.92399
4.98989 7.25849
3.33831 8.57223
4.00332 3.17212
6.3549 4.46909
5.71474 8.83344
1.9851 5.9254
9.90988 6.25567
4.61899 9.19406
5.29415 4.9558
1.32466 3.7457
5.24497 1.66638
3.7404 3.0573
0.352391 5.69828
2.34382 0.615202
8.71613 2.03878
1.36266 3.58846
7.1463 1.50636
0.237276 4.7261
9.05522 3.53326
2.92035 3.67299
0.0504357 9.91016
1.62488 2.21371
6.45745 5.86967
3.75505 6.49188
8.64376 2.28144
3.86913 9.29815
4.16548 9.4237
9.09089 2.31559
3.06038 2.35031
7.19104 3.12071
