2.59228 6.81456
9.12362 0.289055
1.61757 3.42911
4.62058 7.03628
1.83768 0.970436
9.05285 6.511
3.75873 5.04716
9.56175 4.35688
5.76895 0.363475
5.98146 0.760289
4.20999 6.56844
9.06059 0.217027
4.26103 8.2168
8.28185 3.4357
0.00543874 6.74898
8.78627 4.421
5.23609 7.76186
1.84347 1.69556
6.31588 1.07051
5.40469 0.494619
1.25622 0.523264
6.36055 0.599676
5.47235 6.22264
9.00153 3.10975
3.65139 8.34462
2.78805 9.88947
7.11472 0.19237
1.64175 5.67217
5.59346 9.67747
0.102441 8.51427
0.0596362 3.24593
8.0764 4.26587
0.449331 2.25744
3.60452 7.69845
3.79671 3.09211
2.30871 3.39038
5.41533 1.83443
5.33182 1.91634
2.96106 3.63331
6.22434 0.853952
9.21792 9.31835
1.96925 4.4755
4.00425 2.43097
7.24249 6.549
5.31076 8.61755
3.31109 3.25213
8.63158 2.33567
9.73341 5.73777
5.13434 6.58843
9.56929 3.69308
