4.86677 3.64682
7.54852 4.07273
8.99244 0.208496
1.62907 4.9659
6.78794 4.58811
6.35618 2.92116
2.57507 6.02469
8.0589 7.83925
2.45779 3.37813
3.69463 4.89144
9.08479 1.62642
3.45724 0.683548
3.27282 0.220097
9.23163 4.6298
9.54484 7.41954
6.80386 4.72885
7.18337 3.72495
3.58268 4.08687
7.35286 3.39112
2.44371 1.83103
9.32589 9.8124
0.892369 7.23841
8.30973 3.49777
8.78583 4.08397
3.03514 2.98037
4.2559 8.71012
3.05077 9.13638
8.8007 6.71415
0.613579 0.637386
8.05241 2.40412
3.42841 6.61186
5.87022 5.1184
6.06673 7.10059
3.71591 2.35721
9.09463 2.9003
1.39421 5.83669
3.59694 0.691153
3.36345 5.26344
8.59004 3.10332
9.59077 4.77192
7.23224 5.83755
3.90781 7.7434
3.12841 7.5395
1.33776 9.29056
0.390885 2.33786
9.29222 4.61109
6.28801 8.22157
9.39346 3.52063
4.13122 7.71431
2.73108 8.45869
2.46567 8.61251
9.62488 6.99318
1.96776 8.38479
4.09355 6.11231
