1.74471 5.4007
3.19569 6.41147
0.431921 5.59203
3.00009 1.56589
1.91573 5.77945
8.41263 4.00095
3.24272 9.82566
9.72154 4.78614
4.62115 1.36237
4.18371 0.39286
9.30987 9.53625
5.76828 3.69361
3.8024 3.82634
0.985905 9.08823
7.44704 6.17664
6.04628 7.68366
6.03068 4.49606
5.5234 4.9452
8.41643 7.53103
6.51428 0.789719
2.77599 9.89755
3.1729 1.09987
2.90205 0.346204
2.71481 7.61454
5.90196 9.32985
6.94224 9.7251
4.85334 5.17367
1.27641 6.12803
1.844 1.79956
6.63597 1.08534
0.626354 2.74402
8.73078 7.15043
4.31963 6.23575
1.75333 0.530073
7.4306 8.42246
8.15759 8.65356
8.66304 5.00971
3.11163 3.83449
1.94973 9.77487
3.59546 4.02953
0.464587 8.01955
2.24175 6.69851
