9.8444 9.62234
8.26944 6.67146
3.43484 0.329722
8.33952 3.15129
7.8786 2.81737
1.96864 2.78095
7.49299 2.85348
2.86499 9.90532
0.229207 1.61672
5.94219 0.221827
6.01863 1.16606
1.47268 8.09871
8.44206 5.59494
8.9107 1.37035
2.08043 5.28882
5.45154 4.6565
4.59038 8.71429
1.10411 5.96863
9.93105 7.8926
4.8248 4.04456
3.3535 3.54847
0.737644 8.77982
1.13336 5.95799
0.894785 4.8494
0.492574 1.49195
8.52972 6.41465
3.83087 1.41722
9.7873 9.7829
2.35514 1.16903
3.1662 4.61062
1.49274 3.67527
9.96093 2.15683
7.58045 3.58166
2.80053 2.40956
