9.45168 5.48701
3.11313 5.88046
8.38028 0.362407
1.58509 3.24942
7.96135 9.63129
5.15186 0.00772633
7.15892 0.220078
8.11871 4.37212
0.0326839 6.22589
5.8082 9.68745
7.62005 7.11851
1.40408 6.4269
7.18713 6.0197
5.04009 0.554961
7.54668 3.02319
1.58263 8.42568
1.80914 7.08004
5.49036 4.72367
5.5586 7.10966
7.4609 0.0199989
6.04303 0.908148
4.1191 1.54417
6.72968 0.213451
3.05091 5.54688
4.743 8.75139
0.441103 0.801269
0.957771 3.46605
8.76519 4.42343
4.30356 9.23103
8.86687 3.67882
0.231239 5.51482
7.58024 7.4658
1.03256 2.93871
9.25801 2.77248
8.99094 3.9826
8.76654 7.89417
