0.822199 1.89288
3.2609 9.45223
1.28253 0.832308
3.72202 3.91803
2.98117 5.91822
6.67337 1.36026
7.18757 9.59241
5.46557 9.7621
4.86087 9.60597
6.40786 7.97021
0.159232 6.86915
8.57503 6.20903
1.25026 8.19932
2.22496 6.92292
8.38167 6.64586
1.01104 6.36499
6.31233 7.99116
9.42827 2.8729
5.76078 0.299395
2.27872 2.10248
9.6877 9.31873
6.35517 1.73397
1.45538 9.39679
9.1603 4.50524
0.0261615 1.47902
7.43527 2.81931
7.0184 2.32089
8.88979 2.127
7.23085 0.0522249
5.34084 3.88502
0.365021 8.99936
2.16279 0.279598
4.25793 1.06942
6.9309 5.15715
1.57327 6.00304
8.54185 1.07649
