9.38099 7.62281
1.5521 8.7178
3.39089 3.93214
4.62773 0.344297
7.74733 1.84485
4.28002 9.16686
6.48531 8.14668
4.23476 4.2669
8.53642 9.69967
2.26964 9.62111
8.97842 0.404235
0.69393 4.38239
3.89919 4.39228
6.71162 5.86906
5.36942 4.73211
2.35877 3.78103
9.11654 7.97282
3.81085 1.74072
2.98729 1.93921
7.42591 5.21692
0.896868 5.9845
0.882969 1.04885
4.79599 0.0315684
7.2096 9.11346
2.72871 5.46994
6.7178 5.19659
4.29643 8.93368
5.16151 9.67925
1.29779 3.80202
4.86078 9.63767
5.62068 9.20376
4.82449 7.43131
3.51331 8.9993
2.74142 0.422046
1.8179 5.29153
7.26654 6.38686
8.23039 0.548365
9.16152 7.34614
3.33556 7.94119
6.56382 0.296919
6.37712 2.75564
3.96551 4.71756
6.62445 6.94731
4.97027 3.67095
1.48391 3.52128
0.27127 3.27623
8.73242 7.57247
6.98364 4.95964
0.913195 9.56196
6.20257 6.02718
6.44552 1.81552
6.01712 3.47892
1.68466 2.08918
9.5597 2.34064
1.47843 5.98555
0.237001 1.47979
