1.10315 5.95293
8.84136 9.41808
2.68274 4.07361
1.10568 5.87974
5.82674 9.14301
0.603516 2.92147
0.651747 8.22983
2.56306 7.94934
9.52408 1.87847
6.90282 4.44468
8.87415 1.43579
5.52874 9.60921
0.489527 0.210591
3.13926 8.01724
3.33304 2.98374
7.43014 8.98282
3.95558 2.44731
1.91421 0.354176
2.83628 8.92307
4.45136 4.39516
4.02649 5.34109
3.95802 7.01335
1.19874 9.32131
5.01005 4.65654
3.09719 7.35707
6.37125 8.21614
7.88914 0.878064
4.18879 5.32967
6.8964 8.31318
2.51315 2.06406
6.09987 7.53118
3.21157 9.15499
7.55931 4.88922
0.359297 7.11881
6.0879 5.64326
7.25785 9.69733
7.16371 1.02962
7.30044 5.32588
6.57987 9.02577
2.29684 6.49725
5.20649 1.64224
7.08936 0.164401
7.51524 2.06634
7.99151 0.626305
