3.94119 8.93624
3.22996 4.00168
7.57527 9.15383
4.57687 0.210071
3.71713 2.39566
0.669149 2.03569
7.3441 7.7001
2.25645 4.49771
0.757751 2.85683
2.77049 8.97903
9.9374 8.92249
1.17492 3.15243
0.575594 1.65788
5.0848 3.99535
5.89699 9.97085
1.96407 0.189751
7.0084 9.9409
3.95801 9.51205
0.0949338 0.10676
6.37665 4.76917
4.61775 2.63889
0.301276 3.14271
0.558658 0.675197
6.82262 9.85811
2.15105 2.73336
8.78301 9.52526
5.64348 6.05787
2.81716 9.99743
8.4318 1.08797
1.18872 9.48957
9.42322 4.22449
9.64488 1.83826
9.01799 1.25957
1.91252 9.68773
9.87547 3.78077
2.19752 8.69379
0.428876 4.44155
4.77802 7.871
3.20179 3.84361
7.95463 9.59214
0.316548 4.31013
0.613535 8.14837
2.90902 2.26765
0.149967 6.66044
7.00825 6.95538
9.29946 2.51157
5.83238 6.34187
3.24419 8.44698
1.77451 9.95861
9.61616 2.44015
