6.41929 3.41652
1.07364 8.15998
7.62111 2.67375
0.562818 7.2131
3.15 0.540057
4.15427 9.38169
7.65213 6.50949
7.53302 2.93254
0.886423 2.60894
1.60484 6.04381
9.19844 8.46024
9.90258 2.29846
9.67924 1.91693
9.65817 5.98361
5.59308 5.99815
7.71493 4.09309
6.89903 0.460824
3.73095 4.93744
0.865406 8.88541
1.43225 6.87274
2.09368 8.97449
3.20851 4.99911
5.38757 4.8488
2.47803 9.81248
6.03194 6.4962
0.262415 5.11882
8.74813 2.71802
5.05698 0.508793
7.8708 2.88521
7.67102 6.7665
6.0554 4.37915
8.41743 4.08815
2.29006 9.21762
4.67603 6.77821
7.11311 3.94822
8.97883 8.75319
2.0961 5.26954
8.3807 3.94006
5.80749 7.74003
2.22424 5.31285
6.0725 9.05146
5.19448 4.37847
3.9862 8.20397
6.23968 5.97869
4.10625 5.49557
9.53798 4.35621
3.88004 3.27578
9.18329 2.57306
