9.3037 6.06519
9.23637 9.83127
5.88024 0.284918
7.91334 5.28601
3.79762 0.231956
3.94178 1.62081
0.736577 9.29065
9.51246 2.1217
9.3895 7.64553
0.337659 4.04431
6.11731 6.03565
8.24642 0.715171
4.8627 6.20855
3.88393 3.19657
6.77367 1.25314
8.54467 1.46474
4.69532 6.74609
5.04068 6.95098
3.04776 8.53492
2.76752 9.55453
8.5914 8.728
9.04302 5.29878
9.12021 0.552718
8.09177 2.6882
4.2542 6.80949
4.76634 8.96676
6.14702 6.86379
9.58278 1.00299
6.61023 6.61294
5.0125 7.73022
6.35722 3.0068
3.86243 8.48069
1.47951 3.66019
4.07218 3.78867
8.64994 6.74188
6.95461 3.38896
1.38381 5.61655
9.51787 8.18112
6.55319 9.33158
4.09842 8.2116
0.436631 8.42094
9.73959 9.67017
4.63664 9.72764
0.494153 8.41955
8.78498 9.71981
7.76704 3.35238
7.75337 9.20294
9.50002 4.31695
0.197738 0.106102
3.04131 5.25436
7.74702 5.8381
3.47106 7.57942
