4.67637 7.53792
2.29403 7.59871
6.20298 4.78724
0.0584681 7.76992
4.35132 8.5256
3.91237 8.40126
8.95923 3.53869
2.88829 0.60482
4.22644 4.44676
8.40019 2.97162
4.1142 7.32646
9.61997 2.07602
2.0298 8.20899
9.06764 8.40554
4.93565 9.78357
2.49393 9.33502
0.696536 0.256135
0.978681 5.02682
4.12432 6.59739
8.53254 2.5176
2.39875 8.26461
1.05133 8.98492
1.00705 7.38064
0.983758 8.25462
2.67445 8.26661
6.92317 4.11804
0.897307 7.03683
0.701065 9.44253
4.25649 8.53066
9.48251 1.62211
8.71244 9.60331
5.98622 8.74566
