2.93843 3.46779
9.13443 1.58542
3.88673 2.81024
3.35979 4.26153
5.23136 5.09101
0.0653235 2.38827
0.179967 4.07724
7.21179 3.24916
2.34456 0.454872
5.1883 8.06773
1.49087 7.20774
6.01515 3.89753
3.08425 6.43954
3.92197 6.21108
8.13315 1.79967
4.58092 4.55014
0.175982 2.39129
1.54165 1.85859
1.29593 1.91664
4.23756 9.04856
9.08746 7.75589
2.2993 5.80201
7.41022 9.81683
1.27623 7.32524
1.84136 9.37313
5.59578 5.35327
0.410242 7.54587
1.27069 0.357587
7.3267 5.68843
8.00618 4.06833
3.4817 2.9757
7.12816 5.9803
2.31249 5.14013
5.73851 7.79488
7.29683 8.03818
4.49134 3.12985
