4.75157 4.70754
8.93958 1.65629
8.25966 7.77473
2.00209 6.03699
8.5478 4.56032
3.49741 8.60983
8.87071 1.14476
2.233 3.86286
8.502 8.53503
0.339373 8.18989
5.54802 8.61169
8.39239 5.82399
5.74346 2.20893
6.46886 1.7938
9.29581 3.96363
5.34092 6.58904
0.556248 4.45617
9.04621 9.39409
5.7626 8.92863
1.27181 0.329826
2.48079 9.49452
8.74052 4.56304
4.279 4.92594
2.27938 9.8189
6.43037 0.918146
7.10495 8.97091
6.19702 7.25244
9.14622 5.30218
8.49118 2.69828
7.63072 8.78648
8.2927 6.29213
2.33813 4.0575
3.64377 3.49467
0.145624 0.102336
2.47304 1.65396
2.64001 6.11974
9.88399 9.04245
2.25482 3.55873
5.71423 6.25316
9.22695 3.3486
0.234737 7.92889
3.37928 2.01336
