1.84467 2.90987
7.9465 9.91904
6.28463 8.36665
2.38588 1.4862
9.62283 8.75916
6.70032 7.65656
4.31729 3.76874
0.79276 0.720259
2.20502 7.11045
8.90573 3.12145
6.07861 5.59598
4.45735 3.00889
3.38192 0.892137
4.48405 4.74285
7.86065 8.80973
3.97616 4.69371
0.554509 3.59222
9.86452 3.40545
5.51615 8.61977
5.71025 3.84623
0.178464 8.32243
8.87743 5.24918
8.71835 6.36207
1.28511 5.45316
0.118152 8.36645
2.88042 4.91177
2.15731 1.12148
0.736951 3.82085
2.92076 1.43836
1.76403 0.80173
4.46821 6.20173
2.39539 9.82462
1.67744 6.209
6.43295 8.58489
2.06523 9.6452
6.62643 7.42692
0.361069 7.84616
7.74559 5.67374
2.01667 8.1335
2.77825 3.00054
0.301271 4.78896
1.61995 6.62551
