5.43995 8.83372
2.76544 8.77479
6.77919 0.111001
4.38491 3.07789
6.75746 4.75058
9.36851 7.78564
3.65808 8.98776
2.408 1.29099
9.27839 4.32549
1.60176 5.14201
8.05697 5.05542
1.37722 4.05806
0.357057 2.75369
5.28563 5.40536
4.19661 1.61927
5.99275 8.19743
9.11817 3.5652
5.70396 7.73792
3.62757 0.118622
1.68177 4.03476
3.92337 1.91213
9.34974 8.25124
1.03309 0.957221
9.87131 7.6146
3.54675 7.73787
4.84904 3.0727
1.8113 6.52974
5.34727 6.36066
6.08866 2.14754
3.48731 6.4875
5.42956 1.67493
7.13424 7.9805
8.08808 6.6417
6.22453 0.0192918
7.08156 7.92987
2.43632 4.00405
0.72981 8.77402
0.894856 1.54835
5.53868 4.34894
2.87003 8.09351
1.54347 3.30941
5.33849 2.37831
4.28367 0.0898339
9.47304 7.30692
8.85023 5.38345
0.900053 7.14575
8.40206 4.90651
8.65922 9.10793
9.49628 3.10359
2.91795 2.72193
4.32199 7.69136
8.92711 1.32084
