1.47125 4.26016
6.43979 2.94737
8.91464 4.27541
5.99994 0.901395
7.03923 8.74753
7.04827 0.786599
0.416105 6.45534
1.65184 8.87473
1.50402 8.34087
4.80493 2.6441
3.82166 8.1993
9.51793 0.476237
5.89928 3.95774
6.27069 4.67696
5.8739 5.22246
6.66563 9.27159
5.87275 7.5821
1.10743 1.2215
3.6469 8.62907
4.47347 7.77353
3.27933 4.72235
7.60123 5.62006
6.78888 0.930327
4.77589 0.598225
4.20478 8.66105
7.10837 9.01113
3.26986 7.22408
1.11654 3.66134
8.83853 9.93975
6.95347 0.422622
4.81349 7.46919
3.0307 6.01925
0.552296 6.94235
2.81068 3.1656
4.94956 6.09987
6.61442 2.93079
9.68055 8.65309
3.04513 1.49272
0.183361 6.82172
4.81074 9.02521
0.537489 7.19828
2.09735 9.2132
9.21291 7.3791
9.9557 3.28564
9.86338 3.48314
9.99778 5.16362
9.6278 7.42348
8.8158 6.38661
6.87788 8.35329
3.66482 9.00621
9.30106 1.99188
6.62056 6.91053
3.53344 1.30784
9.78403 7.50969
3.90246 0.0311288
6.39527 8.31917
5.68644 8.15747
9.12079 4.31614
