4.50098 9.99884
9.41221 0.675536
9.2715 5.06318
8.12103 7.36744
3.05025 1.86515
2.71811 0.12202
4.94475 1.27698
7.92089 6.93714
2.20945 0.661352
4.07124 8.05192
3.90602 7.34163
9.41975 7.21535
0.230569 7.55486
7.16942 9.25713
7.50871 7.67052
1.85217 4.55229
5.1881 5.14584
6.82999 2.59086
4.9284 6.513
9.38709 1.8221
2.60577 3.52614
9.86782 7.1347
9.41919 7.80387
8.38906 6.39659
2.33481 6.25733
8.37186 9.44811
7.09942 3.5528
4.13358 6.21545
6.92812 8.63728
7.02681 6.56999
6.62675 7.21598
4.66131 5.60212
