6.93646 4.22008
4.58541 1.34487
8.21178 0.404482
1.66559 6.9671
1.96192 1.59891
1.35277 3.88504
4.20236 8.93134
5.69804 0.493264
2.88948 6.00899
5.64725 3.90434
2.078 2.53296
0.0218039 7.77773
0.863163 0.340737
4.05904 4.63401
2.45543 0.232225
2.43195 4.41506
1.69463 9.3719
7.97884 6.77269
7.59354 7.28437
7.76175 8.22652
4.45111 1.77998
9.50707 6.50913
5.24714 9.67946
5.84002 6.10978
2.425 0.193356
9.0615 8.6062
6.32607 9.27016
9.89551 9.25572
6.17451 9.06466
1.60633 4.23024
9.62454 0.526329
4.72677 0.287717
3.49705 3.16009
2.59158 3.53821
9.22153 6.3543
6.78974 2.72239
9.27909 8.2996
5.60663 8.53879
8.35534 5.52802
5.44526 9.27021
8.87064 3.97402
7.64171 4.89471
9.38594 3.89133
8.00162 7.57255
0.00719882 6.95383
1.10566 6.07366
9.91159 0.593016
1.07147 9.42877
2.08691 5.58051
9.21496 2.50609
