7.12538 8.14429
4.97662 2.10112
8.8252 2.47007
7.34991 8.87508
9.37771 5.45925
5.74896 9.31825
4.47608 7.90863
9.4039 1.8442
9.70326 7.71811
6.70629 2.40001
4.58663 5.3091
6.71287 2.33315
9.12896 2.85987
2.35217 5.68322
6.90457 5.79766
0.485797 5.2852
3.83618 3.15528
8.07653 3.66922
7.92779 1.89731
1.70054 5.61417
1.86 1.78957
2.41914 1.78031
3.9555 0.183141
5.0434 1.03376
5.51381 0.611597
9.35889 3.24516
4.08294 3.99741
4.56152 9.42115
6.19071 1.2279
9.94052 1.9948
2.10296 1.45106
3.95587 7.29686
6.18948 6.86979
9.07079 1.60803
6.8192 6.23031
9.77819 9.79959
