7.77562 0.334628
2.82423 7.60266
3.02617 4.86611
3.79703 8.82922
1.63308 0.481986
4.68115 6.75875
3.83741 9.29213
6.82951 9.85471
7.39506 0.750256
5.15406 0.689466
5.52418 4.89332
0.349493 0.407379
8.40301 5.83525
6.12539 5.19736
6.66033 1.69583
1.492 9.66552
7.58288 1.22921
8.77095 1.23612
8.32937 1.65735
3.96922 3.26719
9.13195 4.89377
4.92667 1.02469
0.915324 6.60482
1.38452 1.87074
3.62086 6.17354
4.7309 9.63433
6.1757 4.4338
2.8264 4.28194
3.30705 0.313343
3.7278 2.52869
0.478137 0.608047
2.05465 2.27971
7.52659 7.55609
5.73725 9.81874
1.71927 4.09146
9.43953 0.635504
1.696 5.41466
1.66132 4.52473
4.33272 4.18465
7.66885 4.25724
8.12705 6.41733
3.18749 8.98194
2.07385 9.36921
7.84227 5.33061
1.44411 0.960299
0.153359 7.17899
1.2993 1.04388
6.2704 5.54452
4.05025 8.78149
4.32428 1.92463
