1.93084 2.92287
1.23387 7.26715
5.09144 3.92383
1.22328 6.34751
2.47085 5.27899
7.35079 6.40108
8.05264 0.868181
0.47563 7.94618
7.14027 4.20744
4.4221 2.76247
1.67142 9.97855
8.82365 3.49993
9.12429 7.5913
0.679237 8.71763
9.62166 3.68124
0.789026 4.45802
1.29332 0.366353
1.56608 4.53057
6.38772 0.817274
6.53134 0.134875
7.42529 7.81389
7.71684 0.0690433
0.167479 3.37837
8.35182 9.91347
0.43951 8.98836
6.25977 9.88352
6.93039 4.48985
1.315 0.236287
8.91866 5.38028
7.91141 2.44988
7.95631 9.01335
0.628795 5.06827
