3.13666 2.27225
7.98448 4.36565
7.55268 4.37947
2.64409 0.881651
6.97785 2.89059
8.77756 3.01264
0.307367 2.39404
1.11394 0.124655
8.32887 8.901
5.52632 8.16888
6.44959 3.09618
5.48567 4.40372
5.41267 8.38409
5.05128 3.97814
7.07799 8.17938
0.96979 4.73478
3.85379 7.6807
9.82373 2.67347
1.31817 5.09523
8.56887 8.66475
7.34791 8.38559
0.461581 6.58364
8.27408 7.45524
3.53641 0.520724
2.94803 9.41885
4.6763 7.21578
4.34565 3.67937
3.18323 8.68642
4.04075 0.0412049
2.44649 3.27741
5.36775 7.4536
7.50586 7.95642
7.74942 0.452793
6.78548 2.85621
3.48621 0.552419
8.549 6.76384
8.25021 8.77596
8.84288 5.44726
4.05111 1.78287
9.04928 5.70906
9.31629 6.20185
1.81096 4.72702
6.50675 2.39206
5.31888 0.761941
0.958833 2.57793
2.94796 2.00296
7.24622 0.226298
7.59178 3.32068
7.28789 2.36581
7.12134 0.21159
9.03142 4.48353
8.9393 0.923792
4.12287 7.47257
4.51432 8.17568
