4.6833 8.82797
0.110052 0.207887
5.35209 6.84679
9.75753 6.70139
4.50767 0.142436
1.87702 0.931266
0.40457 5.42817
9.01062 7.20127
2.85236 5.94209
7.39088 6.95667
3.7505 1.48224
1.76244 9.0422
3.87999 4.07797
0.3467 2.43201
9.21631 3.59736
3.21281 3.80272
4.41664 9.20011
8.82793 1.48567
7.90974 4.00609
0.481245 0.816791
4.88422 4.25373
1.9582 4.9197
0.804853 1.38526
8.79587 7.47777
9.66179 8.83364
3.37312 8.76747
5.63327 6.06775
0.691306 9.09072
1.05894 9.02375
8.43441 9.11411
1.86583 2.08835
2.17854 3.63252
5.49248 0.429743
2.05072 4.76072
5.40333 4.6891
4.68772 3.41655
1.07466 9.49601
2.62634 7.92407
8.43362 5.64197
4.36862 1.21057
6.2853 8.42384
3.00634 8.50084
7.51328 2.14278
6.19711 2.87415
5.97105 7.19613
0.242243 2.82983
6.07442 2.18471
5.24283 0.24705
