0.146442 3.29705
9.41966 4.6698
9.26602 1.99767
3.78041 8.92414
5.30879 5.7624
5.8436 7.67165
5.58327 0.37539
9.73946 7.96537
5.56677 2.41282
8.10896 7.30817
6.35028 6.60541
2.48904 9.9322
4.27296 3.31441
0.483407 3.54918
5.60648 2.73623
4.73442 2.66006
7.91717 1.50755
3.37922 9.23119
8.47016 2.94884
5.02811 3.13157
1.28836 5.24217
5.9205 2.7944
1.00181 1.43985
8.68628 5.45099
4.5127 5.7789
7.63852 8.08164
4.90215 0.320387
9.10408 5.78315
1.96845 7.64015
3.24879 3.40263
7.85395 6.11495
4.01387 4.18237
0.227601 6.9125
4.45121 8.90635
4.07736 5.88928
0.259792 3.50648
8.70904 4.53268
8.17952 0.120602
1.95653 9.85666
1.19848 6.39457
2.8081 6.58709
4.41164 1.57297
0.472172 0.392489
5.5303 3.59479
1.11724 5.79268
6.48976 5.26684
