7.9406 4.95872
1.55574 0.74849
4.3859 5.96079
1.2414 6.22502
0.70302 5.7605
7.56725 5.54595
1.21157 3.84982
8.30479 2.83645
2.39822 0.256373
7.52643 2.77345
0.986342 3.90889
8.90124 2.73623
2.96913 7.26789
7.0037 0.136255
0.854806 6.88728
5.18642 5.56052
5.66002 4.57962
1.05719 8.00966
0.262137 6.51059
8.29476 2.72208
6.66955 8.06257
1.49276 5.73312
9.71674 5.35651
1.86155 7.60193
5.69403 7.25498
4.20207 9.63989
7.14005 3.18238
1.63342 1.80963
3.9049 9.68558
1.38787 6.42364
4.69679 9.06087
9.82517 7.53189
0.94662 5.38348
5.33792 9.53853
