5.01657 9.71783
8.52092 4.32268
6.53136 2.95037
2.29764 2.39196
6.00827 9.11994
6.64331 8.81204
9.24113 0.930885
8.36067 1.15437
9.21357 7.43876
4.76696 0.239116
5.68378 0.105263
4.84531 9.72014
3.45959 2.99041
2.55691 2.10011
0.446335 3.5123
0.125408 0.737619
8.67055 0.6154
6.80556 9.06984
9.04031 1.11448
5.14383 0.105544
9.62367 6.24068
7.85485 2.34295
6.34142 9.33849
2.36245 0.249132
8.35881 3.61556
1.84257 7.78616
1.3746 8.08752
3.38621 8.33871
8.54395 3.03582
0.986771 1.58454
2.51297 0.234826
3.22737 0.0288659
3.43695 8.2619
0.727503 3.65456
8.59695 2.69838
1.83702 7.33581
4.00643 9.62504
0.43021 1.95624
5.36638 1.1703
7.62059 8.87954
0.552689 8.77088
0.262365 0.840071
8.53919 6.28994
9.69016 6.04956
9.73218 7.87751
7.89286 5.08306
