2.41973 2.6008
0.702736 8.05847
0.238339 7.86823
6.99664 6.89869
7.99366 8.39957
6.8275 2.89068
8.6438 0.451025
2.15347 2.83594
7.36828 9.16257
9.46041 9.53089
2.07399 0.873152
9.54595 3.20899
4.3171 1.83483
4.89867 6.80705
6.28599 7.02071
6.13508 3.49711
4.09862 4.24836
5.67863 9.33389
7.77742 2.86179
4.02101 9.64241
3.79233 4.32928
6.76139 6.86401
3.11842 5.42814
4.79703 3.91333
5.70418 3.7795
0.626948 1.49476
4.34943 2.05034
5.55165 1.77746
3.0579 8.77023
8.58645 3.69728
8.60379 9.37961
7.81373 7.17186
