8.07046 1.44885
9.19846 6.84714
4.94869 3.61137
5.15926 7.59867
7.65519 6.15903
0.79829 0.312408
8.45303 8.28077
9.44977 6.1555
8.92664 3.74989
5.65587 6.52009
1.91682 5.46691
9.14198 8.97357
7.44148 8.84023
0.996229 4.43318
9.02994 0.570118
3.72115 7.92316
2.42428 3.96855
9.40833 3.02038
5.39238 4.32943
0.733516 1.54078
2.37533 3.54535
2.32905 2.94306
0.400892 0.701282
0.834807 9.57773
8.11542 0.350821
6.78947 7.16899
8.82732 6.58775
0.28865 0.480901
5.34011 4.4869
5.07003 0.347481
0.603904 0.497622
0.359457 4.37163
8.83217 0.0252277
1.36971 7.25724
1.75805 7.78378
5.25776 8.78331
2.33886 8.03784
6.45005 2.38173
5.87537 8.87586
7.34843 3.52245
7.9734 1.6661
7.56971 0.240759
4.2206 4.54824
3.72197 1.84289
9.1512 9.67302
9.97064 9.30027
4.59743 4.07941
6.74487 0.225424
9.32441 4.67579
3.89329 7.15194
8.71512 2.27935
9.75241 3.99903
2.33594 7.5867
2.13273 6.09031
