4.96203 4.22415
3.10662 7.40048
4.41407 1.6697
9.53429 9.58759
6.92121 5.43884
0.0127833 0.65474
3.57997 5.53991
5.03643 7.58642
6.92876 3.43016
5.23753 4.83833
2.31889 0.422187
3.69546 2.49063
3.27354 8.43733
2.65719 9.62365
6.17446 4.91403
0.00604415 2.4106
5.98261 2.6217
0.0685285 9.06622
3.77468 6.05427
1.06681 2.13542
8.67482 6.1026
0.471457 1.75785
4.64262 7.57427
2.16204 0.0698809
3.49274 1.72749
0.268024 9.47034
8.89198 5.1655
9.22776 2.31841
2.0795 8.82372
3.31711 5.64756
2.60502 5.14075
8.02954 2.17755
4.07912 4.81596
1.48584 9.10846
