8.41046 6.84562
3.82907 6.95295
2.79025 8.11426
4.06789 7.64838
3.63581 0.289019
9.41212 5.43847
2.63326 9.89428
3.60549 6.24335
1.46964 4.92039
5.52594 4.7449
5.47607 2.58416
2.75404 0.271663
0.666729 5.17668
1.5259 8.86839
1.74329 7.92766
4.37756 3.63856
1.80412 8.01066
1.89265 9.60061
4.60409 4.6538
0.328923 5.77965
3.62652 0.874674
1.85824 0.545519
1.04724 7.2729
7.9844 6.58768
7.34608 6.49483
3.07026 1.62045
6.62109 6.06835
6.45346 9.71101
9.42731 4.94705
8.17486 0.834256
4.46402 8.47665
5.60034 8.03117
1.53802 0.082356
3.40275 5.34557
2.30715 6.17696
2.1911 4.00473
8.88536 3.87764
6.70434 0.993829
5.94354 2.0363
8.28019 4.11591
8.24195 0.855066
2.13286 7.36444
3.53344 2.17189
4.24499 4.94258
