5.98944 1.12692
6.37984 1.48175
4.7944 1.56998
3.85452 7.14089
8.12602 7.48894
7.23906 1.52292
5.37432 9.26966
4.79845 7.2143
4.4098 6.62371
9.60645 6.89522
0.298261 0.555905
9.48181 4.31536
4.74331 4.89349
2.577 7.90726
8.2382 8.67155
8.92544 7.6215
4.16342 6.27328
2.29908 1.45478
9.55261 0.50278
2.66298 6.93749
1.33865 2.47984
2.58639 9.49491
3.76564 3.0157
0.330928 4.03518
8.81136 9.13294
4.74567 2.75058
5.29418 8.21317
9.75433 6.51008
9.80118 9.09914
2.06733 6.96299
9.22968 7.07795
2.9614 7.09402
5.11257 3.15213
2.88935 9.04458
4.13629 5.90576
5.70016 4.27927
