0.856907 9.81337
2.23496 0.242901
9.44752 8.11424
1.25856 6.00631
8.84593 5.46813
3.07537 0.46404
8.8886 4.9653
8.64259 3.28562
8.9291 5.66107
2.27451 3.31734
1.73114 3.65723
8.44757 7.96166
7.74564 6.48813
8.23218 9.20384
6.95119 4.7024
3.15021 4.60613
7.84195 5.71076
8.30889 5.06613
1.41814 7.89162
3.76371 1.39371
8.67061 7.89114
1.09095 7.70002
8.3516 7.38117
2.28442 3.3137
8.18644 7.94418
6.99117 2.79713
8.26644 7.46014
9.78361 9.05874
5.66724 4.15845
9.89697 3.89377
3.98983 8.90242
1.11247 7.47932
7.75065 3.79073
5.75814 3.10165
4.02847 0.389625
8.76121 7.87797
9.54486 7.04965
9.93097 3.6696
1.25162 9.13424
3.68203 6.79844
