9.72375 6.63221
2.72199 9.94873
0.62924 1.18319
0.555063 5.0693
5.68694 2.32281
1.43526 5.55072
4.93564 3.85712
7.59939 4.27533
0.796922 7.48803
3.53141 1.07732
8.11123 4.66648
7.49229 5.06965
5.3407 8.46889
0.0524152 3.37055
5.51386 9.81745
8.94565 8.94924
1.97819 3.85046
4.16715 2.93308
9.49656 2.1898
4.41195 2.39824
0.0864302 7.45593
3.67165 5.82305
7.95701 8.9069
5.67733 3.01124
1.29138 6.40151
3.74151 6.07858
7.73304 1.96071
3.33936 7.68555
3.79276 6.91751
6.34389 9.12008
6.99828 1.86129
7.54911 4.56229
8.87441 3.22886
5.16453 2.38719
