0.971358 9.99811
4.5232 1.83593
3.58005 9.99567
4.06064 1.4447
6.85739 3.81707
5.94667 4.07518
2.96247 0.408453
3.8375 9.02408
8.17659 3.2198
6.83523 3.57708
0.329304 2.34712
4.4458 1.48128
5.63175 1.41111
0.876006 9.34194
4.09623 7.29479
5.78295 1.76139
2.14752 9.92031
0.766525 2.90915
7.21201 8.41669
7.37865 8.82468
8.58817 2.73227
7.18396 6.8703
2.63512 7.61136
4.11553 2.85453
6.60163 6.16984
8.63252 7.02578
9.7889 3.77701
1.38281 7.29026
0.290967 9.80051
5.538 4.46001
1.10281 0.891058
9.66549 3.51353
9.49043 8.34493
9.27974 2.81094
4.67422 6.00095
2.65949 1.03367
5.84736 0.713399
3.1656 7.8636
0.581113 9.13201
8.58005 6.23977
5.21497 7.37954
0.387821 7.60626
1.12233 1.42373
6.78461 7.58744
