8.14498 5.00236
8.4733 3.71934
3.00823 0.281697
2.43497 5.76901
7.67644 5.77051
5.92439 7.57171
8.77018 0.0522208
0.955581 8.63678
5.94496 9.72623
3.37309 5.51754
7.97698 0.966123
6.35386 0.319022
6.92312 6.15705
5.95223 5.81964
4.96531 7.70095
3.33079 9.10958
6.56794 2.6706
2.85596 8.11658
8.81659 4.77757
2.27077 3.91059
2.26893 2.77705
1.77942 7.98164
6.14309 8.15337
4.89768 9.14551
9.54019 8.09234
9.63139 5.08649
7.42357 0.13089
2.29817 8.8813
8.29663 2.27274
6.82316 3.52287
2.05851 5.79065
0.896665 6.4544
5.56053 7.40407
5.89347 4.19314
6.18321 2.79133
0.744831 2.14782
8.25022 9.30005
5.28047 6.70655
8.46347 1.5212
1.71883 0.719083
6.6003 7.17379
7.50516 2.26619
