0.0998665 4.05171
9.02697 5.30537
7.31258 0.479482
7.46611 7.34147
9.12272 3.89197
7.02329 4.27371
8.25125 7.53844
9.07896 2.73384
3.98015 5.72201
0.96742 2.62015
4.32109 5.4868
7.96122 2.65224
4.18129 1.81402
5.08359 7.16401
9.89874 2.74075
3.35918 7.69425
3.25719 3.95296
4.07719 6.06436
1.55876 9.67051
7.28197 7.09248
7.98676 6.73939
4.00658 0.877104
5.18523 2.83987
6.23904 3.86504
7.18973 6.62495
0.477014 7.1041
2.47534 1.07644
6.03595 5.23322
4.82473 2.18522
0.854506 3.61088
9.84454 2.70936
1.61122 1.69764
1.69317 3.41172
4.68693 1.98124
8.12374 5.86461
2.37444 8.69701
7.1595 2.46383
2.29626 8.53346
5.10526 0.228387
2.45965 0.856769
5.37338 0.114895
8.39284 9.80022
5.23785 5.58366
5.04367 7.08879
9.10718 2.26587
8.87595 8.76255
0.0402323 6.2652
4.46489 0.405039
8.51356 3.91967
9.14256 8.53781
9.09108 4.3574
8.75745 3.72676
7.24228 0.333749
1.22982 3.19597
