1.88041 8.66196
9.44434 2.61897
0.31736 5.72697
3.30682 0.682079
2.18678 1.44873
6.97684 1.38976
0.243026 9.9396
5.03807 9.13883
7.96302 6.61953
1.56218 6.78981
8.22788 1.90829
2.66733 6.41809
5.53515 1.05919
6.15608 3.78854
7.72228 2.37022
5.30368 7.22102
1.20547 4.27095
7.96299 0.940318
3.9989 7.71537
8.56958 1.19152
3.71579 0.935983
4.83125 2.20061
7.86654 5.28417
4.67437 9.68896
4.23427 1.70695
6.28502 7.54252
7.56049 6.74813
8.30093 5.29367
0.525376 3.48981
5.02322 6.73007
0.81145 0.326788
6.13455 8.17529
1.49201 7.01003
2.51754 9.78712
5.09148 7.67466
3.05648 2.51575
2.37638 2.02342
7.60824 4.11623
9.99095 8.94352
6.63018 1.32077
5.18198 0.976822
2.47117 4.0611
3.10067 0.400295
0.458147 7.22184
4.75537 9.89514
7.40469 8.56924
8.25144 8.42208
4.76649 4.53717
