3.65569 3.01693
3.72947 1.62812
7.42428 9.05931
7.98023 3.01872
8.75394 0.707491
2.15176 2.94309
2.93921 5.57349
9.80743 0.540274
2.69135 3.23343
3.79914 3.89782
4.36488 4.98877
4.64622 6.06273
6.91514 9.55408
8.55415 5.65774
5.32121 6.35127
3.52621 9.75164
0.0230219 9.70158
5.25605 5.39349
9.01205 6.86595
1.36169 4.57959
6.69146 0.116744
7.24152 1.70024
0.276985 0.702496
2.30859 0.786079
7.89628 6.7784
3.27302 8.23163
7.23843 2.58705
1.60242 5.63805
8.87835 0.334594
4.6035 6.89307
1.98881 6.8313
1.84507 8.6456
2.37388 5.7961
4.50957 8.32794
1.1979 2.98477
4.14567 2.89375
4.33743 3.67846
6.26592 7.59374
7.5379 0.185279
2.10904 9.38618
2.92718 5.77875
9.97451 4.2577
7.99514 9.246
0.366132 1.14273
1.91893 7.19143
1.67783 9.94901
