5.52868 7.77921
2.47968 2.80595
4.02059 5.22056
1.96176 4.64018
1.05795 3.55417
1.32098 8.24879
5.68712 5.50817
8.80413 9.54141
3.60412 4.31879
0.54448 4.89308
0.695594 2.09958
6.327 3.02894
6.6737 5.61429
1.48256 6.05264
8.75073 5.54713
8.30098 1.45008
8.54951 2.19141
3.92153 6.02281
0.849708 5.66792
0.203304 1.34468
8.31966 2.99719
0.336896 3.8919
2.96245 6.83139
8.66323 1.55604
4.53021 7.3309
1.40647 0.548645
6.82953 5.41753
3.31974 6.30192
0.560797 6.19161
9.37828 1.35048
3.65151 7.96906
6.98955 8.98506
1.34401 0.858848
3.64473 7.26406
1.90033 2.11193
5.39309 2.96596
2.1082 1.32653
1.19672 7.98535
7.34335 6.26122
1.14788 8.56166
5.09373 4.56545
2.32686 6.46772
9.40527 8.53876
8.95339 0.969641
4.66745 7.21536
8.02706 0.369608
3.0959 9.90125
4.22053 5.56537
8.50107 4.95392
5.6776 6.75974
