7.63487 7.56884
9.67842 3.87562
3.94763 0.712615
5.14034 5.37413
7.724 8.09811
1.78834 5.82535
4.60042 7.0889
3.26824 5.67017
9.65266 0.687232
6.63213 0.252276
3.1347 4.45979
3.78874 6.75829
3.48907 9.90229
6.92586 2.36194
0.0941492 5.99257
6.12997 3.24941
8.36948 7.39556
8.77228 4.64907
5.96332 6.01606
0.274438 7.49081
6.90999 2.45972
0.782651 5.07836
6.94985 4.81127
9.40839 7.88853
5.07015 2.82824
8.20858 4.83446
0.598556 4.53955
4.2267 7.10004
7.22648 8.89665
2.04624 5.56178
2.36336 4.6569
4.83172 5.41235
