3.7025 9.8138
4.65923 6.73334
7.00238 9.72304
9.35722 1.42591
7.16596 4.46049
4.54987 3.70301
0.423987 3.24616
8.27841 7.31548
5.99538 5.19897
7.31086 1.37564
3.34596 0.740005
9.48961 4.19348
4.82125 4.30002
2.90839 9.86672
8.00645 6.98565
3.97235 0.177755
8.38203 1.62401
9.59595 1.4743
1.44408 9.05958
5.91621 3.44311
1.53517 1.46872
9.21319 6.96636
8.03116 5.76255
1.40892 1.61527
3.6567 8.53318
3.16341 6.60985
6.87014 7.64798
6.60716 1.24492
8.55606 6.63307
7.72442 4.39623
3.06957 9.90115
6.08509 6.14517
2.2604 0.794854
3.84509 0.191458
0.948634 3.36261
8.95559 2.53903
6.8163 9.43798
6.19692 0.593478
2.40833 1.50636
3.45905 9.31214
7.34002 7.31211
0.47592 2.06504
1.14161 9.1879
5.21635 8.02699
5.60306 3.93889
1.7594 6.63515
9.4393 9.72049
5.67779 4.40524
0.582693 8.35622
1.94987 8.32042
1.63093 3.55076
3.87547 9.03643
