2.10289 0.127407
1.19308 2.07113
4.62955 9.85311
2.89358 3.35982
4.04941 6.67529
4.40074 8.57806
6.28147 9.85472
7.0664 7.0329
4.38788 5.31389
8.92645 1.68973
8.60227 7.06989
5.5707 9.03822
9.99804 9.35816
7.35152 8.09123
5.29862 4.29467
9.63414 2.33863
0.81382 4.53267
6.35918 4.55969
9.55528 9.86111
1.13909 3.78414
5.54095 3.37966
1.12396 4.05823
6.9894 7.22156
8.91273 1.21986
3.8231 8.4254
6.14601 3.99397
0.0782933 0.911227
1.04664 8.58349
3.21549 4.11381
4.73568 6.65067
0.923955 3.60039
7.60573 4.58701
2.31758 6.53416
8.42719 6.43808
1.75164 6.33301
0.630588 1.03178
2.25905 2.20369
0.781454 5.15837
0.374923 2.71794
1.20346 8.58903
9.45363 0.445406
1.51831 9.44133
1.13318 7.00127
5.94903 8.57426
