3.20743 5.92255
2.19988 6.81121
1.54164 3.91396
3.55816 7.77522
7.08497 3.30166
1.12314 0.0617525
7.7306 0.618118
4.66352 4.53328
1.94854 9.34217
9.46588 6.60636
6.69952 5.02284
8.67028 2.97542
4.86868 0.895168
5.12349 3.76315
5.65737 3.91481
0.688608 9.7896
0.114115 9.84051
4.4387 3.55756
5.57981 7.69467
4.0804 3.015
4.1118 2.64179
6.51876 0.79327
6.17155 3.96058
8.81053 0.64267
0.315726 4.63444
2.40142 0.574046
3.62875 2.98091
1.29677 3.49425
3.21782 3.42393
7.46798 6.31479
4.30562 2.9654
5.22988 2.31351
3.56544 9.19649
5.62515 3.2058
9.32087 6.22831
7.96308 8.43831
9.05568 5.45272
5.60571 7.21685
3.60532 1.82919
8.44075 1.78359
4.46368 7.74594
8.10483 6.06594
7.91055 6.29412
1.54966 7.95509
6.6859 9.41205
3.51891 0.548365
6.35414 1.19345
0.655439 1.01492
5.38004 8.90727
1.42798 2.88721
9.0217 0.91045
2.84634 7.47219
