0.821673 0.03283
0.178712 9.44417
8.38039 9.44853
5.21356 8.82494
0.80846 5.61122
5.01818 9.45706
3.06261 4.47437
9.23514 3.05919
7.14271 2.1546
1.51995 1.81678
8.11777 9.14294
4.82829 4.07753
6.90104 3.02619
2.98754 9.12906
8.43434 9.69383
2.83954 2.5685
3.9412 6.48152
1.40844 5.95303
9.7835 0.607627
3.969 2.34543
6.45296 9.27978
6.22194 0.784279
8.11751 4.30706
6.89777 1.77809
3.87339 6.50396
6.97194 2.00064
3.65215 7.69445
6.5865 6.3169
1.66484 5.96874
4.55577 9.58096
8.9009 3.52142
9.4861 2.37905
1.83806 6.7986
3.07048 1.49798
