3.58624 2.90293
4.03195 5.14209
9.28837 6.55011
8.04386 7.57306
4.36247 3.30874
0.958822 3.16294
4.86644 7.66509
8.18237 6.53453
0.33793 6.96122
6.80856 6.14037
5.26997 0.199253
5.76909 2.61123
6.12746 5.53995
8.54831 7.82373
7.13534 2.16071
6.22337 9.6531
4.1541 9.77356
2.89339 3.00082
2.16299 7.3091
9.87186 6.99379
5.78553 1.45447
0.182897 9.92939
4.68339 9.54855
8.54391 4.13287
1.08304 4.28439
1.423 4.22698
9.87477 8.97626
0.174078 1.757
3.64761 8.75777
1.40183 4.97137
7.6383 5.69138
2.86993 7.10139
1.40657 3.52387
1.90507 3.63995
8.60486 5.07112
4.06104 7.82895
6.076 8.33505
5.506 6.0106
5.05755 8.90031
0.808179 1.5476
6.01158 3.58678
6.96506 2.05932
