1.29246 9.14738
3.18252 8.77606
3.3697 6.99434
8.04839 1.92573
6.63268 7.14982
1.1815 3.5967
2.92081 9.27733
7.21816 7.93242
7.41749 0.246341
2.77195 2.26785
0.654785 4.82898
6.82166 4.18801
2.57514 9.56479
9.54854 9.02907
4.795 4.24724
8.81113 4.34919
4.92434 8.42628
8.67731 6.56701
8.27546 5.12531
3.47983 5.86333
7.59069 9.89089
6.35875 2.12405
7.50889 1.71274
7.81479 6.41653
6.4407 3.14368
4.84164 8.03681
1.37152 8.76628
4.07342 0.824101
5.96827 9.9385
5.61024 3.40549
6.10474 7.31265
0.926985 5.08605
9.94473 4.83786
3.84215 1.39796
8.81141 2.20705
4.73579 1.48871
