0.578252 1.07294
0.928714 8.09165
6.83624 6.32497
6.15137 0.223208
4.79305 0.531872
4.57007 9.97583
6.40476 7.6932
1.85902 5.77167
6.62802 3.37002
6.69855 9.46843
4.38312 9.2743
2.65118 9.25472
5.46678 4.41007
5.40524 6.10283
2.24652 0.706163
5.83332 8.41704
1.88592 9.29893
6.76891 7.25506
8.43977 2.34607
6.93593 3.0084
2.0101 2.91915
2.82949 1.0345
5.46003 6.09783
0.759017 9.99515
2.34669 5.74029
3.28286 5.89445
8.43831 1.26417
2.17717 8.99857
2.03342 0.61236
9.69219 6.0112
9.01824 3.06645
0.671243 9.61116
8.11365 4.95775
6.71086 9.40302
2.41461 2.71446
9.97096 5.58314
9.06443 1.09785
3.18896 4.60705
3.9285 5.17277
5.96597 9.91083
8.98569 1.66387
9.104 7.13133
6.56855 2.73394
7.18812 0.345153
4.17165 8.25971
5.99725 0.427394
7.24054 8.87887
0.499407 9.6268
