1.28877 4.70474
3.69984 3.2366
3.347 3.94319
0.533713 0.261211
6.91632 1.34739
4.16481 1.95532
2.15233 3.78734
8.60882 1.07466
0.0868228 7.09659
3.40533 1.24591
5.91105 5.70231
1.2884 4.50724
9.08711 5.70252
9.45546 9.49468
4.15787 2.5604
7.65908 6.54966
4.47442 6.40529
9.03548 5.0296
7.27994 5.32229
1.93493 8.47157
9.99338 2.37343
2.15965 8.25459
1.84864 3.06466
1.84984 9.19696
6.43343 5.09056
2.78625 5.20559
4.83879 0.378996
5.7292 0.999544
3.43028 6.40814
0.230706 4.94622
9.97806 4.80904
8.66598 8.84981
9.19152 3.28646
1.56327 1.63436
1.29492 0.751547
1.72538 4.63833
3.47431 6.97239
9.91844 6.33493
8.13097 3.49591
2.13915 0.702591
