4.61976 6.56709
0.47124 9.43775
8.78563 6.59234
5.08445 4.62791
7.18751 3.87999
6.0625 5.32258
3.1832 4.75957
0.571896 1.25841
1.08907 0.935469
9.91542 7.30424
3.14094 0.223654
0.957517 3.81048
6.27922 4.54243
2.51263 4.90027
5.69792 2.55893
3.79972 7.38103
0.082162 3.44998
0.779936 3.47313
0.549535 5.26585
5.88485 1.89874
7.7335 0.737052
9.81495 2.47459
8.42943 4.34705
2.69597 5.99168
7.89509 6.45612
3.89475 7.43138
9.24525 5.57026
2.47876 9.67363
8.38147 4.4116
7.02424 9.84257
0.742961 0.365987
6.16009 7.05579
4.62206 6.64479
1.95595 1.17221
1.12542 4.86204
6.94958 0.0034906
5.18842 0.999708
2.90075 2.94364
3.04021 2.62377
3.26799 2.13786
8.09016 4.54499
5.20543 0.61066
4.41788 4.36188
9.67172 1.56272
6.49891 5.93554
2.46097 8.57359
