2.03738 1.02818
5.82025 0.5524
5.92286 7.16865
2.71492 0.17686
4.38553 5.4647
3.32822 4.30682
5.40807 5.8499
6.60418 8.22567
3.61038 0.559432
4.70782 0.486482
2.92437 2.21478
1.42661 0.838943
8.61175 5.45189
3.17899 8.06034
8.33851 8.35189
6.24872 9.33854
5.93301 4.0485
7.96562 1.71567
3.44572 9.6784
2.30189 6.73884
9.15106 0.24474
4.22931 6.39905
4.83539 2.99293
3.54607 9.03004
9.96289 6.30395
5.28361 8.00009
1.85566 5.49922
1.13549 0.844647
7.50796 1.33626
7.69109 8.33108
3.53036 0.992533
8.80589 2.17541
7.81541 9.24854
2.51698 4.28154
4.88096 9.21931
6.41424 4.08427
