3.47203 6.91135
4.44723 2.90625
7.08889 6.11947
7.07765 7.15527
6.79614 2.99978
0.920427 0.695318
3.84021 2.97877
0.217827 3.79974
1.5834 4.29971
1.21593 8.13213
2.30446 8.74368
9.17319 6.14872
1.16018 2.78219
7.50606 6.12704
5.93469 5.67704
4.79453 3.63262
3.742 5.91068
7.71147 5.76725
2.15808 3.41675
6.57363 9.91088
7.83029 5.16752
8.03157 6.63299
5.16071 2.81184
3.18285 7.69684
1.07662 9.22957
7.99724 7.69301
1.04005 8.2812
6.8332 3.85658
3.93898 7.40809
7.91372 5.13766
8.14023 4.01199
5.54538 4.84492
6.74876 5.86101
2.34074 4.40644
4.12926 5.45448
9.42808 2.59444
3.08322 1.06725
7.3187 8.77378
4.91955 0.566771
3.96041 0.377762
