7.77348 5.51198
9.93953 2.17259
1.94339 3.91615
2.32766 4.37551
7.69617 3.58808
1.40169 3.13698
2.49686 0.869246
0.873427 6.01385
0.674484 2.25921
0.66502 7.2043
5.41337 0.692096
8.89577 4.35079
7.46573 2.66662
0.248751 9.09341
6.03135 5.16033
7.85985 2.21942
1.17348 7.12245
7.48968 2.93927
4.30469 8.07003
4.07698 4.04238
1.00539 7.72668
8.93359 6.80482
4.81907 9.02733
1.87073 0.185221
2.90485 3.86897
2.87589 3.32735
3.876 2.45021
1.80435 1.06328
1.47543 1.06782
4.54823 3.65643
4.77464 6.71006
4.92911 7.35364
5.33894 9.95987
3.79847 5.7767
