0.192429 3.38927
4.70782 2.44253
5.66319 3.12258
2.56951 1.65945
1.97114 4.39659
6.90077 7.22891
9.99075 5.45235
9.38599 6.41294
6.51229 8.42731
8.71865 8.39827
4.95105 8.70971
2.9464 8.31251
4.26184 8.54314
2.14587 2.91643
1.83143 2.97872
6.42361 4.17156
5.50674 9.67871
5.3294 3.86951
2.03796 1.95576
8.81223 6.13983
6.67789 4.31295
8.79454 8.76561
7.89628 7.8233
4.35578 5.2377
8.42393 9.05962
2.80916 1.76339
0.943653 5.56741
3.82736 6.60044
3.05614 8.68693
5.3719 2.18316
8.10679 1.61951
6.35074 4.61139
7.20554 0.44015
1.24901 3.21008
8.65152 5.75349
5.36851 3.16234
4.55865 7.57012
3.19475 2.50219
