1.28914 3.71535
3.99239 9.03378
2.99049 9.52483
1.30322 7.00984
1.25399 1.00253
0.397916 5.78788
9.04647 0.317601
4.4431 4.72401
4.38037 1.73393
5.65303 5.69215
7.50036 0.350133
5.62324 8.70114
7.90851 9.68001
5.68776 7.30405
7.56841 8.13185
1.50989 8.44483
1.01292 5.27015
3.26997 6.55861
3.82477 2.08711
0.377704 5.4076
8.55685 3.80636
5.98108 2.37582
8.30208 8.05461
6.47114 1.14021
4.17258 2.71853
7.13182 6.75779
8.38406 1.24633
7.31047 3.11904
0.748025 3.55565
8.61186 4.43617
5.97101 6.83676
8.91335 6.74722
3.13356 8.73463
1.93034 0.514822
8.1366 4.1385
3.20691 3.95596
6.63737 1.49784
6.49292 3.81168
1.23743 4.59634
7.68062 6.56925
1.68488 8.70564
7.45295 2.32203
4.48256 6.56823
2.06067 0.454856
6.61831 8.57791
8.5616 4.75411
5.09955 9.23853
1.92227 0.324838
8.79141 8.0717
0.32284 2.20328
3.28313 4.94849
1.73384 4.91191
