0.471408 2.50936
2.13381 3.67075
3.33703 3.83684
7.47478 8.08827
2.16957 0.359226
8.17121 6.70814
9.22572 2.32856
9.35363 9.99956
4.82172 1.84527
4.2593 9.353
8.98402 1.95944
9.58494 4.81215
2.3314 1.24292
9.41769 3.06296
7.58866 4.81879
7.12286 3.17771
0.466047 0.345238
7.89149 4.75112
8.41112 6.22367
4.86598 6.4077
8.11745 3.36647
1.34088 0.837602
8.89713 9.13232
7.51344 6.10905
9.91641 6.55842
6.75057 4.12219
6.18622 1.11004
8.28162 5.85547
7.80775 3.19871
0.756932 0.525838
2.93703 8.28413
4.77766 1.37225
7.38364 9.72018
0.513685 9.49462
6.14665 7.78887
3.24865 1.95477
8.65057 2.01304
9.77022 8.73788
