7.69677 7.56225
5.46089 7.05903
9.67361 2.45098
2.7784 4.19671
6.74069 0.551778
7.14388 8.35521
9.14472 8.93927
0.71907 0.0445119
7.59344 0.133081
7.28081 4.25739
8.93435 1.90992
9.89683 3.25001
6.6495 4.38506
4.81621 6.09439
6.352 3.57173
5.17432 7.18179
6.85127 2.00757
9.60991 7.48069
5.77501 5.46121
1.19812 3.04517
8.99223 7.29345
8.22524 0.698979
3.41187 3.39042
0.0346757 2.67515
9.36403 3.20542
1.63714 3.6505
7.42485 6.5812
1.6874 6.62695
4.1573 8.37778
2.12303 9.20657
0.876496 3.41164
6.37481 2.52598
4.50073 5.70014
4.59195 6.47491
7.61713 5.49437
1.97483 3.27036
5.74101 0.173846
5.59831 9.75206
8.13821 5.59221
2.46619 4.79276
3.30787 6.33403
9.34377 0.549799
7.35218 3.11414
5.09881 9.12256
2.57066 9.62347
5.28265 4.80989
2.09378 8.12535
8.69195 2.39232
5.97403 3.25251
6.74199 9.11831
