1.23699 3.115
4.94635 6.54101
9.48018 5.4772
3.94558 5.97609
3.71489 2.80262
7.6133 0.982248
9.43549 1.53601
2.46771 5.74143
0.594475 5.44581
8.71342 0.24642
2.04066 7.35318
8.20047 9.67781
7.61956 4.95112
6.25719 4.28586
8.50485 6.66375
4.48954 8.04298
6.18157 3.67353
0.609042 0.61335
3.34007 4.18747
6.03369 3.86809
4.13118 5.55082
3.28152 2.84197
6.86912 7.25378
5.94888 2.6305
8.18754 9.23236
5.32757 5.5486
5.17037 6.13501
4.47677 8.28094
9.27132 8.08146
2.07398 3.21457
2.92687 1.3383
8.7375 8.2196
3.24993 5.65654
7.11744 5.20225
1.36718 5.8819
0.137806 8.18361
4.13487 1.56032
8.77435 9.60414
1.70585 0.416324
5.59488 5.74517
5.04315 5.52671
7.47305 7.6674
8.78551 0.332771
4.80636 1.37607
0.620927 1.61216
1.45401 8.65398
9.83317 3.15899
8.88132 0.892315
5.68834 2.45763
7.83658 0.13357
1.83261 9.68605
8.48939 5.92514
1.4105 0.0690445
8.47029 6.75835
0.439335 9.15199
2.27543 5.93418
