0.160293 1.36519
4.38568 8.08865
8.85705 6.17273
0.218398 7.81891
2.1424 3.27792
8.78952 1.57038
2.68009 1.08377
6.92941 2.92881
4.56302 1.44139
7.62947 4.3775
0.957407 7.56734
1.64936 7.96789
9.16163 9.17185
1.86315 2.29908
0.571124 8.12274
3.6909 4.298
9.40804 7.00306
5.7016 1.78758
6.16266 2.28472
3.27321 0.354473
9.99495 0.932925
3.74244 5.84847
8.06855 3.36506
2.23638 7.26509
9.64505 2.78544
1.1542 1.14742
4.46704 5.14872
4.89848 9.52609
9.92486 1.17174
6.26553 1.93633
5.68619 5.74712
1.6859 2.20888
5.15448 7.22913
5.83282 5.48165
3.41329 2.68605
8.74798 7.16831
1.5677 3.94001
2.49319 5.45952
4.51068 1.16124
8.42729 0.720021
8.42551 3.7408
1.71243 2.79594
5.8964 5.29586
4.39432 5.30767
0.906782 6.38497
8.13948 4.61568
7.70345 2.54304
3.73805 9.15869
9.80912 2.25769
7.3767 4.62048
9.3451 4.66333
3.92607 7.38168
