0.809849 3.42583
1.60877 0.619132
0.487605 2.4873
9.81063 2.29165
8.28973 1.27785
8.99509 9.21383
1.41441 6.77659
6.4846 2.05376
4.9749 7.5862
2.12295 9.15959
6.74637 6.54023
4.59521 9.64993
8.18716 9.48312
2.3408 4.84172
2.88671 9.38774
0.266497 2.992
2.38512 7.95877
1.93616 2.09053
4.17549 5.29727
8.31824 4.54008
9.52331 7.77776
4.04874 7.77155
4.53197 9.25214
7.41343 1.23441
7.19546 9.7921
7.88188 2.25926
9.86803 1.08508
9.9941 5.31854
2.59925 1.81646
6.90076 5.48977
4.38398 7.81496
7.81596 1.42155
2.74033 6.78141
2.09195 7.9619
1.50438 9.64225
1.48623 4.75414
6.37862 9.67877
5.87884 9.21828
5.56356 0.0348841
3.11321 2.81367
5.73354 6.90272
9.66415 2.92857
9.89541 9.84902
8.26086 6.18572
5.21727 2.97933
6.11892 9.53155
