6.35258 8.08188
6.55004 1.19186
6.04461 1.80382
5.08249 7.97103
5.94205 2.86395
6.47879 4.30229
8.27607 2.25423
7.31898 8.77333
2.43571 6.21238
6.72155 6.11348
1.46761 8.45034
8.0432 4.12458
8.10396 5.9603
2.67538 4.37257
9.50241 3.55813
6.75827 7.26961
9.58948 9.28359
7.10679 1.48415
4.14368 4.56169
8.93594 5.58334
0.651533 4.3091
9.47894 0.252587
1.3115 9.34286
7.78084 4.07355
6.64722 3.70634
2.0084 8.67105
2.21868 3.0914
1.85684 3.67451
4.50994 0.546461
2.87281 7.5344
0.151196 2.5453
4.15266 0.238613
8.25864 9.87042
5.47682 9.56953
0.134537 7.71619
8.37789 6.10826
8.72435 6.6176
0.156798 1.65183
5.94613 8.02504
6.44225 1.57992
3.35891 9.03475
0.593026 9.09007
