7.22005 4.28013
1.83133 6.56025
6.35299 6.46682
4.90638 8.8592
9.8656 5.22724
3.36111 7.85718
0.358588 4.69942
1.79041 5.29122
3.84111 3.48862
5.42661 6.31458
2.47679 0.795479
9.32499 8.2343
2.77338 6.9184
4.535 5.96196
0.380866 2.81376
2.13023 6.32987
8.28443 6.78805
5.38392 5.13919
7.52914 1.68001
0.680509 8.80869
1.54572 0.657358
3.32016 1.25486
0.992737 4.24773
2.76725 7.82126
3.22557 5.2721
7.88254 9.03248
2.73506 6.18276
6.07246 9.78262
4.34323 2.28219
5.05263 4.53069
0.673475 3.36892
5.99209 9.88825
9.78245 0.305855
4.26442 2.82637
3.5548 6.75505
3.55156 8.90541
0.540379 9.46713
9.62377 1.38261
1.58482 1.20088
6.97727 1.31853
8.81179 3.11279
3.89468 5.89468
9.23529 7.43323
2.80198 2.0214
1.11119 7.10382
4.17836 5.23065
0.541304 6.13477
1.83031 1.3933
