0.130913 4.61317
8.19434 1.43331
2.74171 2.40986
8.85293 6.11352
6.52051 6.38563
6.66309 4.33689
4.58366 3.23678
2.80058 5.83073
2.12381 8.78174
4.06795 7.75449
9.77143 8.60106
4.08784 8.73325
0.708393 6.24943
2.11244 5.86523
0.780657 3.75284
4.01113 2.78129
9.35269 7.1016
0.849558 3.85909
0.840672 6.80538
1.76599 8.09504
8.38824 6.82368
3.31149 0.751173
1.64351 9.70769
3.39195 5.75148
5.1373 6.13324
9.15086 4.6928
2.11292 2.29172
1.00935 6.82695
9.18486 0.14317
3.36381 6.16788
9.80755 3.18609
2.82511 9.90927
1.67534 4.52908
5.20885 3.77066
3.1397 5.62614
5.74111 4.36202
0.976938 0.0377932
6.42021 0.279527
3.70465 7.83377
1.61784 6.0612
0.855842 9.90502
7.26875 7.13078
4.67571 2.11136
3.57349 3.56355
3.80245 9.4824
1.29922 2.28447
4.46193 5.85809
7.29665 6.97414
5.88753 6.16122
5.09102 7.9971
0.031188 5.95483
1.19345 4.36097
0.980087 8.58023
9.3595 0.236072
