3.12613 3.92611
8.09096 5.59146
3.57722 9.09993
2.04738 5.78116
9.10151 1.741
2.77996 9.05026
8.04918 2.84924
8.09175 8.41705
6.44397 5.60555
3.89637 6.71885
3.99492 2.01677
8.24608 9.11053
1.48763 6.90663
4.14687 8.46615
6.98779 6.03588
8.28171 8.39059
3.30639 1.96075
0.802022 7.75837
3.70763 5.70387
3.8176 8.57997
5.30897 9.19461
6.12501 8.18293
1.10219 8.97936
1.14623 2.74104
0.289105 8.90024
8.8151 2.60379
4.02376 6.96336
2.39161 8.89021
3.00152 8.23864
7.67573 5.2429
5.15738 8.40913
5.38855 8.22987
5.04505 1.185
9.26892 2.05795
6.40763 1.34151
6.94943 3.25776
5.63139 7.96922
3.91372 7.7232
7.39087 1.79567
4.40154 0.147766
6.07838 6.62776
9.25078 1.64311
8.54174 5.21892
1.75002 7.37924
2.0622 7.72507
3.29112 8.40885
2.88886 9.8919
7.72455 4.78957
1.61182 8.13364
0.739808 2.53424
