5.64378 3.62381
1.75303 3.34377
1.19401 2.72177
0.244163 8.07804
6.28009 9.22786
8.16696 2.69023
5.08081 3.71009
7.55539 7.28362
4.14959 5.55218
6.48366 7.23489
4.89041 3.94303
0.504072 7.51514
4.63593 1.75642
6.88583 0.324616
4.27783 9.30051
5.55037 7.32402
4.93509 8.66274
4.68293 7.95198
9.25967 3.22813
8.44205 9.29799
4.72056 6.51384
7.5091 8.75431
9.4396 7.0757
4.57641 2.02266
7.08796 9.61755
8.82633 8.60676
4.44949 6.14691
2.07507 9.36862
1.90866 8.3176
3.00075 1.89683
8.66146 7.00604
2.35042 5.56349
3.33364 1.17051
9.8432 2.19445
2.4762 1.69042
7.68662 4.31903
8.21555 3.51422
9.0368 3.73174
1.67167 8.76931
2.31996 1.57957
3.75026 6.06016
4.9881 5.61826
1.02512 8.56023
5.58533 3.28546
