1.36618 5.89343
2.17342 0.241833
6.68267 2.68241
7.05305 3.515
5.65715 8.95562
4.74057 5.41246
0.106925 7.46655
3.9084 6.94632
2.71295 7.8619
0.396138 0.895738
5.20262 6.28929
4.70901 6.8956
0.404455 2.46934
4.96668 0.621074
7.79952 2.60302
9.62384 5.23387
4.10823 7.11333
3.46025 4.68525
5.98674 2.48818
7.74965 7.22051
7.50218 3.19675
1.57938 7.73321
8.07051 9.05403
5.30726 4.74249
1.41695 1.21066
4.89602 8.16454
4.18998 1.89491
8.20069 7.83269
4.92181 9.35074
1.54748 1.40898
8.75783 7.61781
5.94573 3.60836
1.08028 3.30988
9.92627 8.46338
0.0447994 2.04023
2.32888 2.18531
