7.15036 9.90336
4.33115 2.8459
3.32131 4.0065
7.90086 1.41555
6.53409 2.24549
9.20598 3.73918
8.14487 8.42738
5.63382 8.59378
1.68003 8.92915
0.637536 7.83733
4.23316 7.51784
4.86028 1.72548
9.39898 1.54111
7.57161 8.86313
0.613807 8.10129
6.03898 7.20434
3.52465 8.84232
5.23804 1.82444
6.27997 0.413446
7.23101 1.38318
3.00696 0.43563
4.95749 5.25261
7.05761 4.56545
0.714888 4.65931
4.20947 5.00477
5.92232 0.449415
9.62741 1.34284
1.42408 5.41774
6.0793 4.03814
4.19005 6.38931
8.69829 1.94928
9.86161 8.25969
0.571655 5.8565
9.72966 0.451201
3.53125 6.95828
6.73835 3.90938
6.74814 4.6032
6.64342 9.70627
5.99889 1.14009
6.4296 5.94051
3.65215 8.72693
2.00503 1.89489
8.46028 4.75456
1.855 3.80231
0.570219 7.53352
9.76784 7.6183
