6.72107 4.75566
9.82171 5.9917
6.51393 7.95629
9.45706 1.69517
9.62708 9.18161
7.84761 2.83645
8.12605 5.42654
4.92217 1.09836
4.2112 3.61777
2.53855 4.42039
1.04162 4.04338
5.80945 3.69803
2.70149 9.59523
2.01822 8.10137
2.72509 7.59707
2.99716 0.802148
6.97028 6.87721
5.75565 7.9687
7.3889 7.52796
2.03543 2.53225
1.22872 1.28714
9.67909 3.13819
4.63937 3.44999
9.1147 2.31096
5.57514 3.59707
1.34233 7.56936
6.29938 1.27892
8.00248 1.61296
2.3131 5.89888
3.2512 3.04223
9.90838 6.50099
8.5987 6.82664
8.88428 0.936139
3.26314 0.663725
1.84826 5.93347
1.31533 2.02532
7.86365 4.26657
3.30542 0.12898
