2.65358 2.04935
5.41933 6.37257
8.71239 7.96596
7.25298 8.83996
3.3634 4.2966
9.83219 2.08637
2.45645 4.94593
5.64075 3.52756
0.773271 0.917039
6.73161 3.85973
4.29029 4.09906
6.14 5.99591
3.41006 5.86772
8.53659 7.85801
9.75398 9.58091
6.27812 5.90463
2.48608 7.46391
7.43983 1.82055
3.88335 7.41176
5.29446 1.99427
7.45698 2.7267
5.13829 2.15506
8.3277 3.95769
9.86443 6.1154
7.7704 4.16767
0.253568 2.29428
2.14506 5.13486
8.11149 3.79358
3.51008 5.6786
4.24271 7.31584
8.24306 8.40735
6.32779 2.49718
0.984198 8.84634
6.2679 3.46351
9.97153 4.47934
2.47298 6.35039
0.31594 6.93369
4.94546 4.31229
3.1682 8.31479
5.24419 7.95734
5.22964 3.53424
6.98348 8.8811
9.70816 1.72986
0.177004 8.14809
5.96782 7.8739
9.75261 7.26158
0.794369 4.35723
5.08759 7.30495
5.20507 9.32233
5.06405 1.93126
4.50433 4.53253
2.21668 9.18772
0.7321 1.0688
9.79259 8.79974
8.97872 9.80873
6.42142 6.15398
1.50382 6.68914
2.24002 8.61731
