1.34664 3.19164
2.2818 8.4987
3.72484 5.14467
6.14249 8.47604
9.99309 9.4138
9.38405 7.46553
9.06636 5.75866
2.85234 2.9996
0.564182 2.88275
0.173919 7.24039
4.08797 6.04213
8.65876 1.26268
7.23003 2.02402
0.802136 7.42538
7.12073 2.53011
5.6946 7.5117
9.46189 7.00529
0.0362136 0.686571
0.996771 3.90578
0.356787 9.07707
8.68264 6.99245
8.05593 2.92009
3.6141 2.35465
3.74841 4.43475
8.60093 5.60874
2.11413 3.83383
5.04878 2.03061
4.12149 7.27773
7.74956 1.49919
7.66814 4.48416
7.97337 3.3537
2.75949 0.00697351
