7.13667 8.91727
2.75555 2.55322
8.63945 1.73043
4.32787 7.73221
3.52056 8.88844
6.70801 2.61357
7.66488 4.41312
1.75247 3.11119
0.0346816 2.16607
7.65762 6.14962
9.33272 5.11293
6.44776 1.9575
5.29558 8.2502
7.23475 8.89142
7.17612 9.9575
9.47302 2.0114
1.83143 6.37476
3.57403 1.30634
7.71173 7.56868
8.15833 8.91564
2.27921 4.94374
1.91505 0.645132
9.03418 1.53615
5.57203 9.77842
7.61028 2.01151
5.52019 8.46978
5.84604 9.12075
8.06555 9.51444
4.2553 2.95826
6.82409 8.71619
4.64144 4.49066
8.1467 0.412697
5.94074 6.12657
0.0308637 4.84355
8.42112 4.8578
3.66555 8.74582
4.73094 6.60721
9.73416 6.5923
1.1289 0.686007
2.98546 0.225109
6.43506 8.33772
5.60317 9.70453
9.48248 9.57991
8.59344 8.48036
