4.47071 2.54398
9.42966 1.24852
6.47036 0.000887117
1.137 7.74338
2.35834 7.21524
6.82704 3.54791
7.0816 4.55657
2.14109 7.69614
0.186213 3.47296
0.763659 5.92019
5.63408 7.43355
2.25349 8.47273
9.26444 6.90387
9.96382 8.67372
3.83927 6.55946
9.15753 3.31488
9.01906 0.331644
3.75503 5.62476
8.41756 9.81462
6.42916 9.74462
0.0287615 2.16636
1.0879 8.3289
7.13016 5.22255
2.66279 8.49462
2.12953 9.16095
0.789263 5.32031
6.61916 3.38734
1.18727 8.86445
8.73907 0.787164
0.115262 9.1898
1.21763 2.49291
0.769096 0.453472
5.38452 1.1405
4.79862 6.37513
1.75591 7.352
1.94929 2.33311
7.35717 4.86633
3.13443 7.75836
4.81888 0.560201
7.8332 7.77606
2.68261 3.51294
5.05896 4.63387
8.06017 0.0996656
6.56904 8.91438
8.00553 7.88348
4.51646 6.3134
6.71579 0.231208
5.69628 8.81458
5.63648 6.99443
2.55762 3.7236
8.0636 6.32565
7.54534 1.17137
7.22339 2.79539
5.32926 1.00002
4.69648 7.58502
1.47842 9.8428
