5.18365 5.16411
5.1215 0.975525
7.79287 4.86423
6.89569 0.304888
1.41748 5.33468
9.0012 3.659
0.933236 6.88001
5.29344 5.41853
3.9192 2.1353
7.51655 2.33403
1.83489 0.71953
6.99763 1.85331
6.40893 4.90688
7.19473 5.52191
5.58214 2.24858
6.78434 9.20849
6.75232 1.15975
3.04085 2.35544
1.24017 9.41135
1.48235 9.06245
8.45948 6.07566
2.60908 8.36441
8.04194 5.22059
3.95882 4.96826
8.22802 4.98266
8.7433 5.81813
3.88304 7.36183
8.63669 1.33194
1.3102 4.90583
0.247407 3.30855
9.52434 1.63531
4.70442 3.82614
1.62246 0.884833
4.91425 3.77246
5.18172 7.53549
4.94277 7.40807
8.57903 4.64903
1.54382 6.27483
9.5183 3.69566
8.09804 8.70019
1.16541 3.85071
8.91965 9.24855
5.88525 1.98909
3.02817 6.27278
7.44643 0.41551
1.87627 1.06186
