7.57766 3.93408
3.79837 9.07014
0.416846 8.99856
8.95917 9.0566
6.71641 7.31111
5.29953 9.04106
2.15244 7.36708
8.36635 0.466672
2.79946 2.39385
5.66964 0.574649
1.43403 1.32403
1.31036 3.70419
0.233396 2.31674
5.59397 8.06586
6.42175 7.88375
1.29947 4.19868
8.81982 3.63747
0.929469 2.52977
0.995587 4.45553
6.61232 9.01878
7.32774 2.96561
3.32214 3.31849
5.1055 8.58866
9.50448 3.0646
3.84427 0.0251582
6.8474 4.91716
7.0161 1.33141
4.96797 3.44063
4.51214 2.75815
8.73833 9.93475
8.97406 4.32648
7.56175 4.56372
3.24882 4.79127
2.93512 3.18273
6.81317 2.34508
9.86094 3.98588
2.99013 3.71349
5.549 3.83426
