2.04425 1.18516
6.51874 0.882753
8.61957 6.00241
1.81402 9.92274
5.25371 8.17896
6.92628 2.86901
7.97156 9.96026
4.195 1.27072
0.63768 9.2404
5.75168 8.07356
8.63224 3.90217
0.276123 2.08846
5.77608 6.17279
5.23666 9.21006
4.40067 6.18631
6.33523 3.04321
0.591922 2.56244
8.16159 5.32705
8.09879 1.7085
4.25367 4.90189
3.76149 6.26645
1.49463 0.6176
7.59941 8.42038
0.0576551 9.61614
7.43283 4.57575
2.5531 9.66571
4.08236 6.54302
1.52233 4.73043
2.95454 5.45652
0.250486 2.32428
2.00486 9.50401
4.66966 2.90355
3.33162 7.05987
4.72191 6.23053
9.96223 3.83896
4.91529 9.14063
0.738406 2.74286
2.51935 9.26574
9.94562 8.42049
8.68491 1.5397
5.26192 0.0477396
1.17613 0.568326
2.92793 3.36931
7.89422 6.05249
9.26475 2.23196
7.14052 3.84975
9.29103 6.61781
1.95297 6.17782
2.91697 4.82561
9.4628 9.91963
6.9036 8.8182
2.23333 8.24385
4.90398 0.813426
8.05416 6.53609
1.8724 4.41379
0.768651 9.10292
4.93934 2.84456
6.7961 0.405594
