6.5331 9.0071
3.23378 2.11034
7.25738 4.68507
0.397143 2.18674
2.62886 9.20611
9.35653 6.20427
0.252264 2.31157
5.20936 7.23774
8.66669 9.28235
1.86128 1.96151
7.7497 2.41608
3.88359 2.96998
1.95586 3.29459
2.01552 4.24885
4.47479 9.01083
8.67532 1.213
4.8581 6.06504
3.85341 0.965316
4.52727 2.63661
8.1593 8.52263
0.0797421 2.44517
9.12365 7.29387
6.96394 7.33754
9.82903 1.31796
5.54776 9.85341
7.78151 2.14303
4.28022 5.53644
9.80241 4.4182
7.04267 9.58233
7.59778 6.5006
0.787877 1.57186
0.595166 8.99404
9.81621 2.11686
8.69693 1.12544
9.74517 4.70817
6.92543 2.8065
9.28968 6.82749
0.946215 1.66185
1.79511 7.59719
8.29307 0.704677
