2.07003 0.361949
2.90024 4.92675
7.07349 1.04797
6.78597 9.10651
4.34992 6.78627
5.66624 4.57239
3.66899 5.302
5.00511 9.86243
8.65964 7.42686
7.8336 3.22279
4.50034 4.01498
4.44828 6.55545
5.66329 2.04589
4.78431 0.300795
1.3427 8.33349
7.24848 5.16438
5.53632 0.375213
8.09934 0.781085
2.42723 5.6761
0.813591 6.94406
0.719672 6.4594
4.99651 8.44019
3.93659 5.55577
6.60203 8.22468
3.30085 2.13375
7.98034 8.84936
4.26511 9.30174
2.18164 1.37208
9.89163 4.11325
7.83065 8.59701
6.17204 5.17163
0.956271 8.61724
1.07136 6.86117
5.725 3.11237
8.17816 9.16552
8.13193 1.12462
0.0731799 2.24208
2.22509 0.405075
2.9633 7.78551
9.08171 9.78985
5.41397 5.40922
3.03935 5.6214
8.23845 8.73994
5.83894 2.32533
7.85754 6.12284
5.70205 4.39201
5.5876 3.04827
6.84923 4.4461
0.124179 8.47501
2.23923 8.84556
7.69942 4.27826
7.25609 3.41946
0.581408 7.65766
9.85761 9.91727
