4.00234 5.79492
6.18785 7.84437
2.5873 7.27449
6.33949 4.53947
5.50834 8.17467
9.2362 6.00401
5.48264 0.620406
5.70367 5.00276
5.57178 9.0001
7.28395 6.47643
5.32921 3.81094
9.70556 7.10221
5.91374 6.12852
2.46416 8.45208
6.88379 0.306738
5.1755 6.63739
3.58187 6.35577
2.73902 7.57465
8.7041 6.70371
2.16034 9.09749
2.54985 8.7542
0.420385 9.87506
5.83726 5.46211
8.81176 3.36737
8.84236 9.13521
5.48248 7.66459
8.07852 1.42975
8.39138 5.91405
0.398239 5.74267
2.24895 5.90074
1.03869 7.59827
3.92759 3.30815
5.06516 2.19698
8.94013 7.33509
9.74159 9.35154
2.47452 6.88426
2.73201 5.49494
2.51517 7.65896
4.13381 5.88681
7.49051 1.44165
8.35271 9.24396
4.68071 6.01817
6.84499 2.93546
6.47655 2.06912
1.6637 2.41244
3.75992 0.206919
9.91287 3.13341
8.59054 2.48999
4.95437 3.13356
3.89884 4.29304
4.67978 4.93199
8.9593 3.89342
