6.72472 6.68133
0.492478 5.56491
6.19421 7.19998
6.14096 9.45093
3.38563 3.68353
2.32582 5.32102
7.73466 3.3642
2.07868 4.7412
8.69296 3.35453
2.22072 7.09084
0.807584 3.22775
1.78484 9.57565
7.89368 0.0696165
8.85151 5.60139
3.078 6.04678
2.8256 3.63599
2.50453 9.59318
2.06613 1.27827
1.52858 2.99345
5.44467 7.79452
0.517883 7.80692
9.33449 8.73653
5.16159 9.0416
7.87129 5.0678
6.4047 4.20977
3.63669 4.66822
8.07059 9.69443
1.49551 5.2642
0.809818 7.74902
2.11124 6.70165
1.27475 2.8765
9.97955 2.0544
