6.52093 2.68493
4.38552 4.26756
3.09346 4.71301
3.87192 1.84374
2.0755 7.0797
9.77215 6.49308
5.80522 1.15778
3.7875 8.74007
5.59739 6.18508
1.9552 9.99728
9.54129 6.76566
5.85492 7.7517
5.32448 4.47898
2.98742 4.90258
1.60198 8.57468
2.14084 6.91162
5.48317 0.36297
1.96451 1.63718
3.32657 5.12451
4.0723 8.15966
3.68614 5.86025
8.53693 7.26681
2.01212 9.08365
2.15886 5.7932
8.45719 1.80326
9.96686 5.91261
1.85537 6.02331
7.55397 1.26867
5.8754 0.857545
6.67595 0.0484879
0.294477 6.78339
7.41054 6.31074
5.67963 9.95621
0.192072 1.07562
4.7381 5.85896
6.89756 3.63585
2.65701 6.59077
3.91693 9.41412
2.60349 7.31397
7.31255 8.63775
9.43676 1.22029
7.74997 6.37731
2.77696 8.10537
6.96113 0.64956
2.12057 2.15958
1.02585 8.07823
1.68924 5.4466
0.474146 9.07736
