0.596788 4.95126
0.00745308 1.78299
8.21775 9.97927
9.09629 5.56871
9.48252 4.83839
2.08496 9.53908
3.99936 6.05572
8.65137 2.27228
3.57358 3.21269
5.54938 3.56245
0.966513 9.05472
8.82514 3.90813
8.21269 8.53631
4.24476 2.26141
2.11166 7.02699
4.23955 2.20743
3.48221 1.25581
9.77345 0.961852
5.17311 0.517116
4.00074 6.23641
2.35941 9.76262
9.63726 7.21078
3.60858 0.39509
0.969207 7.24064
3.5584 7.91356
9.12767 4.98368
1.02136 5.39365
1.25822 0.625983
0.128824 3.60837
4.9152 1.38889
2.6909 8.46233
2.35443 9.34538
0.229648 8.69548
1.43838 4.24636
8.66047 5.87868
4.73105 0.189928
6.14693 7.24713
1.64437 5.09211
