8.33619 6.38308
1.03004 8.39115
9.45121 7.90553
1.95665 6.17386
7.18778 8.6833
5.98345 5.12117
8.10602 9.66987
2.98081 2.81995
0.735662 8.60218
7.82659 6.44398
5.76051 1.98439
2.55606 9.02583
2.82303 5.58783
2.57455 1.34575
0.213872 8.53248
6.32359 1.92726
3.63875 0.680803
1.87155 0.196003
4.30853 5.25842
6.97663 1.54548
0.552444 5.16594
7.25164 5.23927
1.55992 0.128918
3.85634 0.259176
4.62935 9.98696
9.39819 0.395441
9.94409 3.83267
9.19192 3.9348
3.20493 2.86528
1.20174 5.7974
9.56758 0.749641
5.98975 0.518995
6.68365 9.5056
2.79924 0.714102
9.62319 5.20267
5.19661 1.98762
9.20638 1.34307
5.866 6.39606
2.53212 6.05845
6.55403 2.13077
3.56648 2.10425
1.29373 7.88963
4.12493 2.13067
9.06031 4.52557
3.8213 6.54869
6.44357 2.60151
9.3278 2.1389
6.72157 8.4834
2.25407 6.3735
7.11279 4.56544
6.6434 8.00556
8.08146 7.48784
