9.40752 6.48838
2.19103 3.62746
8.1888 3.82342
3.37714 4.66887
3.47445 5.47034
9.2156 6.96209
9.2797 8.33177
5.45275 5.34784
4.10404 4.47211
2.47913 5.45361
3.7725 0.370459
8.20393 3.20426
2.52422 5.51323
7.51067 8.60037
8.413 4.71755
4.69744 8.27047
8.22763 9.6245
0.207984 4.71921
7.11934 3.88455
8.90479 3.38277
1.44015 0.929096
3.29486 7.94684
7.99215 9.76061
2.82136 1.32473
9.82793 7.72906
9.72333 4.33313
1.95159 1.56846
4.40553 1.52487
9.49321 9.87093
6.39294 0.980606
2.68344 3.61373
2.45538 8.99245
3.98813 5.31085
1.3729 4.54968
1.61017 8.21826
2.45799 7.97184
9.9337 9.04387
2.20031 3.75893
0.961349 9.51604
3.55351 7.03866
