9.74444 1.15282
8.92946 7.13716
5.6432 9.45579
4.43802 2.07218
4.32659 3.9505
6.82665 6.03895
1.54154 6.38222
8.71683 4.52536
4.33655 5.46376
3.90951 9.13733
3.33856 0.861643
4.39503 6.53724
7.52605 0.267392
4.01639 7.62603
1.85363 6.48442
9.9343 7.12662
4.33319 7.41023
0.834128 3.94021
1.41345 5.78242
3.98462 8.53729
3.40026 2.87078
0.716096 4.29006
0.429357 2.05517
4.56158 8.63848
8.21835 5.2393
6.57742 2.52705
9.34091 8.37365
3.68536 8.3741
8.2087 1.18699
7.509 8.77347
7.73489 6.11246
6.12012 8.86464
5.17901 7.30391
2.9958 0.0849123
1.35341 3.78545
2.87568 4.30615
8.90992 7.08755
0.153811 1.23456
1.0664 3.40336
7.71723 1.54017
8.03387 5.20567
1.34106 0.866321
1.93077 9.11782
7.62001 9.69328
0.61755 6.21069
3.48156 4.17333
