7.2672 5.382
0.0125707 7.96646
9.16746 4.86997
7.75121 5.39782
6.53373 8.87429
6.63229 2.79524
6.66898 6.37787
2.25976 6.50273
2.31996 8.65409
7.48911 2.25748
6.02078 6.32737
2.40094 3.63133
2.77666 0.183816
5.72561 7.4054
0.450406 6.33301
3.53408 4.584
3.32005 6.91436
2.29151 6.87909
3.51949 2.65553
7.87819 5.77347
4.61657 4.95801
4.55083 8.26886
4.74682 6.23592
8.17511 9.47531
6.68908 8.14009
2.46273 2.45578
5.16565 1.39169
9.77102 6.3101
9.06949 2.51157
3.02229 0.846652
3.11065 0.584109
3.14936 3.65584
3.8175 7.30012
4.21593 4.0682
1.06883 5.18467
0.545053 8.44594
0.453155 2.1072
1.4485 8.02126
1.25022 2.30425
3.83042 0.17068
