8.16366 8.34063
2.0635 4.13345
9.16066 0.134814
5.22746 7.36523
0.175948 1.17198
5.50823 4.42836
1.41226 7.88933
2.1152 2.29861
2.05834 3.85552
9.3642 2.64512
9.07883 9.73609
3.87955 9.08123
0.162623 8.37439
0.960533 4.52285
5.55087 5.70603
5.72096 9.54764
4.95603 4.08427
9.67241 5.53357
2.31882 0.84301
9.86337 8.90452
4.54421 9.37969
3.4272 1.37832
8.34648 0.692322
6.46764 0.43985
9.04994 0.636742
0.593589 2.03207
4.86005 9.13271
0.931567 6.37658
3.93233 7.27745
8.75637 4.4508
0.608476 5.74122
6.91364 0.17534
2.4878 1.62763
5.0839 0.883271
5.87347 6.56547
9.69691 6.90675
0.604841 6.89113
0.0806191 1.18152
6.5346 9.35238
2.59357 8.67241
0.941183 3.18956
0.910293 4.67564
3.09786 3.99994
4.73876 7.74922
0.824148 6.45863
9.67739 4.75613
2.64718 0.158395
4.53369 2.9022
3.24139 4.75978
5.33604 6.05226
2.69814 4.87877
7.30518 8.32965
7.15845 1.26879
1.45886 1.53427
