9.93477 6.88236
5.96126 3.97735
9.00622 7.94778
6.31249 3.42475
2.86501 7.27795
1.62739 4.99833
8.8404 9.00811
0.238239 9.70012
0.379226 9.05678
5.00913 0.155583
3.93403 1.80431
4.14814 7.45291
7.32208 5.28846
8.33799 6.31783
3.78284 1.35503
9.89476 7.3485
2.5645 3.93414
6.70179 4.24248
7.77404 8.81216
8.54048 7.39729
9.53826 1.15872
3.02062 8.81789
6.1395 8.02291
8.6555 2.86624
1.61878 9.83239
5.69115 6.03196
2.0139 7.17256
1.59759 1.46097
0.824719 3.9173
4.71049 1.54849
0.113552 2.7671
9.68981 4.45591
4.90239 4.67968
9.61189 6.5464
8.47551 9.8834
9.37481 0.420781
5.8718 5.79642
1.81174 4.20066
9.68915 9.04164
8.95549 9.56349
0.0782783 3.19368
6.46875 4.11275
9.94703 5.39999
9.27645 2.12232
8.83625 0.507288
9.41132 8.93308
9.34542 7.22962
1.54808 8.75895
2.15803 3.45899
4.82745 8.6567
7.04958 4.8113
4.251 3.22387
