3.81959 5.36198
6.23344 6.78614
4.75278 7.99147
0.572735 5.71636
7.72318 1.42761
1.52088 3.28407
1.6218 7.85546
9.97851 5.52485
3.55003 7.77856
9.31774 7.87545
6.09196 8.68809
9.70199 9.06587
3.70617 9.17295
1.51703 0.784949
3.4508 1.34208
3.98443 3.2597
9.19354 4.71364
5.44129 6.34322
2.34258 2.78208
9.3991 7.29302
7.92876 8.53275
1.54073 0.796953
4.21257 1.00335
9.07643 9.28589
3.69397 0.271514
8.34606 0.747036
5.80822 9.43404
7.46106 3.75138
4.52683 5.64243
9.88652 7.17898
6.65633 5.53344
4.53262 6.45565
0.324978 9.71334
7.02805 7.3324
2.15593 9.91762
7.75104 9.35277
4.66855 8.30777
8.17216 3.82484
6.50776 9.57238
3.27061 4.36672
9.54327 1.17862
0.255774 3.85384
3.68341 2.99623
3.27807 2.60002
8.20434 5.3071
3.61388 2.55024
2.16762 5.0711
1.04924 5.73881
5.81276 2.6598
9.24106 9.70551
6.68521 8.01255
4.03102 1.59352
8.25677 2.61114
0.446273 1.41549
3.01364 3.19488
2.3358 4.6168
1.25555 4.92324
2.59584 1.84191
