2.355 8.60245
1.41087 7.20497
1.37154 3.29496
1.49844 0.651818
0.358517 6.9674
9.78398 1.05996
6.38412 9.14464
2.3109 2.49748
9.92788 6.13452
6.3982 9.40404
4.0408 1.48906
4.74739 8.59443
7.10224 3.68628
6.28757 5.38168
5.36215 1.08567
5.12337 6.99073
2.23034 3.39912
8.5364 7.35102
7.51611 1.80293
4.5364 2.37372
2.59929 3.96814
3.19535 7.97001
8.12972 2.79017
1.66008 3.37522
6.29336 2.03976
7.91833 5.20376
5.35311 7.76534
6.76781 5.43392
1.57042 0.932098
3.81991 0.20117
8.33078 8.35856
6.57485 0.784222
2.24213 2.09656
0.650446 1.7867
9.66483 6.81253
2.49747 8.13502
8.51539 1.21203
0.924737 9.08079
7.68194 7.25273
2.84311 1.12039
5.32815 0.327575
4.61757 9.65437
3.37277 4.50571
7.67063 3.92232
5.51774 6.79583
4.93795 4.24877
1.66277 1.13312
7.93572 4.85615
2.62073 6.95958
3.92789 6.2625
5.58027 4.38744
7.59683 4.50942
2.73984 7.52015
6.84441 1.71272
3.50222 0.324673
6.1939 2.12508
