9.50022 1.12241
3.01423 6.19743
7.52104 0.833102
4.02501 5.93674
2.67048 6.42653
6.0013 4.17468
5.18809 2.27473
0.897426 7.92079
5.96831 3.61833
7.56044 1.85738
2.12833 3.23943
8.85762 6.65807
1.19977 6.84977
9.39335 3.33641
5.78482 5.88301
7.07833 7.22428
6.76518 7.20835
3.23597 9.46375
4.55315 5.96826
2.28179 1.78786
8.43724 9.07147
8.17886 7.18032
7.21938 2.38233
5.89178 0.45721
9.69638 1.48071
4.79629 8.03413
0.771944 8.9028
2.95019 4.06545
8.56573 2.44005
6.08246 1.15694
1.69649 8.3988
6.45116 6.45993
