2.72747 3.92706
6.07211 5.62777
2.57762 8.35215
8.52616 9.35165
9.0805 4.46644
7.28645 6.64199
7.78457 5.95075
4.96834 2.39931
2.84282 0.985155
1.36378 1.57861
0.821573 8.87385
4.92476 3.08682
9.56926 2.56121
0.103315 6.60191
0.187341 2.57563
5.0357 1.61345
5.18377 5.2037
4.99506 6.16509
9.14126 8.82167
4.14724 2.04578
7.53248 4.06146
6.71593 1.93592
7.99771 7.03823
9.41219 6.56743
6.84199 8.45775
4.18088 0.528206
7.05961 7.60687
6.73502 3.65031
3.54128 1.37584
9.6844 2.3281
3.3 3.44318
3.17167 2.78036
1.70384 1.72404
0.168803 5.10736
5.13601 7.06069
9.12724 9.68616
8.14371 1.44412
7.86778 5.34405
5.38512 3.0236
0.347738 5.28121
6.32629 0.478783
9.48932 5.56431
0.583019 1.71364
6.19229 5.76604
6.152 7.32452
2.14447 6.03802
7.9084 4.8958
4.61455 3.26643
0.337582 6.66269
9.6509 1.86315
7.77586 0.638879
0.993822 4.76751
4.55448 8.49201
9.894 2.10371
3.89476 4.26067
2.57001 6.05167
0.670327 6.9633
2.25734 0.0296477
