2.12868 5.72776
0.74463 2.47902
1.89773 0.223597
6.01013 4.41018
3.53833 5.65604
2.85894 3.10549
2.14782 5.2915
2.64726 8.66735
5.88565 3.71666
6.72792 4.46436
9.02697 1.81164
2.1037 9.88131
1.02309 2.2438
1.1869 7.2353
9.87088 1.10671
3.98285 7.03526
2.46847 2.83694
7.88259 0.635632
0.801223 8.78733
9.95364 4.0371
6.50388 6.15229
6.47658 8.15153
3.69077 5.6259
7.51761 8.34926
4.33624 6.46849
0.0167043 6.15711
7.76294 1.07573
0.637147 6.06578
9.57852 9.37153
7.64149 7.72169
2.939 6.42752
3.55022 9.46991
