8.64327 2.4792
7.04013 5.99985
5.37855 5.22209
4.79622 8.98018
2.0862 6.80134
7.04823 5.75335
9.39222 4.36319
1.3001 9.6363
3.16768 5.87518
7.73737 6.08556
7.88835 0.0486027
6.66692 3.9821
8.57476 3.39671
9.42215 3.85765
1.89871 5.95174
2.90866 3.57653
5.18069 9.52233
4.54789 7.25205
8.47799 7.48716
1.90511 0.506553
4.77713 5.24928
4.8731 2.04262
6.91511 3.85006
2.09058 6.6919
5.04181 9.33029
4.45372 0.0736266
0.286202 8.17828
1.2068 2.29116
5.10757 9.13057
6.55087 7.25424
5.25769 7.85833
8.82552 0.94195
4.55609 6.37309
2.2847 6.19422
0.311965 8.18419
9.98877 3.22368
7.6339 4.63672
0.943592 7.82463
9.48043 9.37204
3.57714 5.88341
8.37792 7.8403
9.6472 2.25179
3.98252 6.67222
0.153626 3.66099
5.2184 7.38377
1.65842 8.39366
8.81365 3.87133
8.50962 3.49464
