5.11114 9.89593
9.41851 0.692192
9.45243 2.16711
2.65404 5.76245
9.17364 3.38515
1.79584 0.390012
6.46093 4.52539
6.17144 4.61491
0.449398 0.391298
2.70477 5.22374
8.75607 9.82809
6.64054 4.84865
9.1726 6.64202
1.47107 1.9384
4.66003 5.45397
4.30219 4.90682
6.2228 1.30326
2.01869 2.99948
9.74499 1.494
6.76683 6.3205
2.17121 5.11613
1.13555 4.40289
0.934255 9.49424
0.977845 1.69647
5.89438 9.6418
3.65597 9.20556
8.21998 4.10468
1.32878 1.79384
6.21268 0.0888479
6.3929 9.42505
3.57316 9.61042
2.04396 6.40475
9.3964 1.37167
3.00148 8.81654
7.96505 0.906194
1.21481 0.252085
6.38322 5.73739
0.391622 3.33432
0.0361057 4.09027
4.21566 6.38439
9.1965 8.03608
5.06307 0.826834
7.37408 2.89013
4.03379 9.53025
0.490245 1.53192
5.63869 0.736686
5.8636 2.90844
2.80422 8.83497
6.59118 5.90165
6.61566 3.67635
6.78412 8.06417
3.84213 7.22711
8.4601 0.269224
9.45141 2.95185
2.73908 3.6848
8.65042 4.34941
6.54082 4.12023
0.388282 2.61719
