4.45687 0.699184
8.12014 1.14193
2.75954 0.825191
2.88465 8.11793
1.23755 9.28704
0.835933 9.76246
2.72377 9.27732
9.24646 9.6985
3.64738 2.70669
8.53205 1.30012
7.57918 9.29356
0.35598 7.4671
1.66173 7.78928
5.22296 5.67041
6.69268 7.59518
6.6565 6.37848
7.07879 2.43951
6.73256 7.28103
8.04233 3.02449
9.86847 5.30853
9.00599 3.82764
8.68386 4.55026
8.86831 3.94715
1.98313 6.03605
6.94134 5.56784
0.383016 1.14903
6.39094 4.61858
7.29657 0.101357
3.42985 0.267798
2.14368 4.14365
0.995555 5.04096
3.0378 9.82009
