4.95153 1.98865
2.48652 6.22422
2.16405 8.90468
9.0962 2.66614
8.43511 5.8371
8.90305 0.224843
9.02729 1.98384
2.16046 7.58737
9.13298 7.35413
3.3991 2.1153
8.90643 5.26477
2.17835 9.48153
3.74814 4.66639
7.42767 4.60444
4.68986 6.90289
6.69917 4.65457
4.37955 4.65916
6.91177 5.12824
7.23357 4.75342
4.05102 8.02286
6.19962 7.13432
4.45654 8.96525
1.90265 4.92284
6.46306 1.95771
2.73095 6.19942
7.70361 7.74926
9.50632 9.43852
2.50961 5.9687
4.99574 2.92278
1.13331 6.79687
1.30403 1.60428
3.0475 2.84852
9.70646 9.88346
1.46255 7.84341
9.16179 8.94498
8.29972 4.2667
8.25777 6.20643
3.20999 0.855388
3.16593 4.14362
9.82648 2.41667
