6.00506 6.91474
4.10905 1.79247
9.68648 4.47072
0.00303424 7.77937
4.07366 9.23887
8.96739 9.96978
4.97425 0.466789
5.5755 2.5807
5.18634 5.22801
0.26914 7.53849
4.57413 6.00144
6.76921 8.85178
1.84723 0.388592
8.74879 6.04928
6.46818 8.42734
0.197874 3.27962
8.58872 2.48153
8.23258 1.98674
5.44823 7.83969
2.3586 7.98554
8.87977 6.25248
1.40104 5.37487
9.26411 8.61524
9.00873 7.87306
1.94302 6.53867
3.02015 9.48478
4.54744 1.91232
9.76886 9.50856
0.298211 3.35387
5.50412 8.71668
7.85771 5.0544
9.45959 7.14964
8.88863 6.73379
8.72159 0.617766
4.53559 6.47538
3.69397 3.3808
6.34306 0.974031
4.60402 9.91666
2.04434 5.68931
3.02699 2.50458
6.00721 2.19317
2.20448 8.56011
