6.50478 9.2699
1.13632 2.58925
9.18124 5.46798
4.01278 5.17005
7.33267 5.37403
1.58129 3.58854
3.27036 6.35382
6.24944 4.02839
2.54267 7.32852
2.39562 3.64586
1.3777 9.94862
0.939462 4.54396
1.89407 6.70117
5.5673 3.27276
5.37914 2.41361
8.47986 6.45998
1.29529 9.02476
0.627658 9.31407
7.44302 6.99716
6.09198 1.83115
8.73052 3.77773
7.64454 3.03711
3.12336 2.4368
3.49641 5.45984
3.7147 1.64383
5.47128 1.51533
9.18879 8.86648
9.07564 8.83049
1.18687 5.86704
8.06976 1.98324
8.13625 2.54209
6.11319 6.9626
7.04859 6.35018
6.668 8.20673
2.31594 9.68243
9.07907 3.70951
4.69016 0.414769
4.03573 7.35674
6.25479 9.44783
2.09051 2.56223
7.71819 6.37747
1.90578 8.22902
4.41522 8.04681
0.952637 8.42779
4.5243 2.09628
2.31502 0.089595
6.41807 3.08056
9.18632 0.758807
7.05435 3.87141
8.08687 3.4138
