3.83001 8.58185
1.44509 6.24829
2.46562 1.40758
4.55967 5.60651
3.67506 9.73101
7.29899 7.48657
1.45909 4.76873
0.982238 8.15461
7.06675 1.81932
2.73007 9.90578
6.52217 8.4907
3.09473 4.30497
8.06373 1.01747
7.44929 6.73237
4.64724 4.64032
2.96091 8.04569
8.31944 8.95634
4.03349 8.27202
6.62523 9.57945
6.50544 6.41733
3.08595 7.14335
2.95884 3.56924
6.72246 6.14095
1.57636 3.86079
2.28704 6.49081
5.92075 4.76538
4.87738 3.28345
9.51298 3.93825
9.82148 3.39901
7.34872 4.50968
1.08222 2.24488
9.73768 9.3822
4.46397 9.43944
4.13376 6.32777
3.73087 1.02242
8.70767 3.8535
3.33682 5.75621
3.01772 0.52733
6.55971 7.33183
9.96408 8.71882
7.39388 7.89295
0.611454 7.94229
3.00183 9.84975
1.14041 1.07378
5.41336 0.437671
5.83626 9.31234
7.10006 5.24586
1.05967 5.10336
4.11424 9.25896
0.295882 5.90817
9.55037 5.3775
7.27412 2.16669
7.56254 5.49611
9.68031 2.73149
0.56449 3.60888
6.23155 2.22867
