3.04577 5.93694
0.199188 9.44906
8.93485 9.69014
6.31624 7.54695
5.64143 4.89353
9.87946 0.0288091
1.07743 1.76518
3.67178 1.16105
3.25112 6.61655
0.388968 7.5324
8.2107 2.52954
1.02549 1.31375
6.72196 2.62816
9.57727 3.21021
9.32238 4.4439
0.511517 4.75297
1.69591 1.64837
3.66232 6.75762
2.02898 4.91948
9.13367 8.3204
5.61319 7.29671
0.893069 2.64652
6.81136 5.96316
7.94623 3.35462
3.96786 8.42548
5.86263 2.58136
1.37467 0.710239
3.09085 0.271969
6.4844 7.86854
1.34688 9.41658
1.14989 0.856548
4.34297 8.35958
7.39616 2.99397
1.37806 0.467818
4.30992 7.86185
2.49621 4.777
4.5712 1.10504
4.16035 0.93775
4.41136 6.47024
5.32518 8.20158
6.08856 8.08187
2.20463 1.20848
