9.07706 9.17047
6.55543 8.84259
1.99899 5.33582
7.7006 2.02838
9.93847 9.6429
0.80397 3.28281
5.55959 9.28383
9.15542 4.91363
5.37868 2.20542
4.2873 7.94039
4.42995 2.02201
3.15862 9.0797
8.91142 7.83721
8.54976 4.5185
1.33253 1.12122
5.06006 4.55595
3.85239 5.74531
5.41251 9.89968
4.10875 2.45339
2.25513 2.40331
5.71729 8.38901
0.985738 1.89455
9.35202 3.60457
4.44933 8.39664
5.95719 5.11038
0.535991 9.76473
8.12546 4.9862
9.96766 4.7872
5.86975 1.9303
7.15061 9.36255
9.57436 5.26631
9.9586 6.17055
1.72775 9.42362
8.08857 4.17057
1.5682 8.59674
7.26258 1.51186
8.10729 7.76643
8.05922 1.3468
1.22355 6.6098
2.17816 2.69097
0.833163 5.81313
7.05272 4.69803
0.0702801 9.96937
2.29109 5.94025
1.82709 1.74179
9.23887 7.31371
5.0526 8.41977
4.65342 4.31164
