5.97448 4.5946
7.8923 2.07363
7.76447 3.72033
8.97814 2.57592
9.97769 7.19186
4.33365 7.44769
6.23101 9.84539
7.25732 1.04556
6.31767 6.33695
7.69682 4.60289
5.5132 1.49881
1.37563 3.21566
5.97267 9.99861
1.91736 6.22645
9.17042 6.51029
6.56311 7.8998
0.45346 9.72353
5.09875 9.76661
3.33818 9.57777
8.94378 4.93703
0.693612 2.51634
0.225122 1.45922
6.43819 9.1096
1.9538 8.08787
3.52509 7.46003
2.01871 3.20682
6.11639 8.7747
4.64228 2.91018
2.72849 9.89036
3.11697 8.78172
0.260142 6.72117
5.45789 7.9762
6.31838 9.35798
2.62043 9.84912
3.05093 1.23647
3.34338 1.31986
