0.749891 7.98192
2.78435 7.35292
3.49847 7.73966
2.05756 7.34632
0.381227 2.07408
3.22587 7.81178
7.4058 8.7459
7.62523 6.28782
6.18278 8.18881
1.94649 3.22227
1.93358 3.21096
1.29377 6.73005
5.0897 3.33237
8.94754 1.75249
4.75638 8.84348
0.356597 5.97507
4.16076 3.27816
2.46387 9.00469
5.038 3.78407
3.80412 2.06673
5.2464 0.446502
7.24714 7.64657
0.449535 0.851799
7.32183 9.51696
2.16696 0.681152
6.38381 3.39955
0.526707 8.51408
6.31252 5.17852
6.52467 4.59123
1.39031 6.30487
8.35142 2.9581
8.29851 6.13856
3.44681 5.88095
5.44412 9.51894
