0.27111 7.13673
8.92785 5.00668
7.91556 3.05469
8.94268 3.57826
4.74864 6.89916
7.21672 1.60701
5.24058 1.15948
1.63578 1.75746
6.49212 0.474207
0.641577 3.67868
4.59308 6.98183
3.49246 2.52749
1.16016 9.00104
1.98317 3.39406
0.217654 9.32182
6.84651 7.35712
3.65471 4.60513
3.87887 0.214573
3.48101 8.1112
1.44069 1.08989
6.71414 0.926144
4.5578 4.16834
8.52093 5.9646
7.41732 4.53733
7.08046 8.72987
2.14265 7.19138
9.76502 7.95678
3.64707 4.05313
2.38501 9.70943
0.591884 6.33924
6.80136 0.113994
9.82544 1.84836
