8.72356 1.78748
4.56102 9.16663
6.03597 2.84474
1.12382 0.296213
7.86863 5.53754
0.749479 7.51682
8.80172 9.84246
6.0803 9.71218
5.16552 5.15522
6.39653 7.71932
1.50547 5.75482
7.83088 9.47716
1.24432 2.29538
3.34807 3.48088
2.70862 7.15521
1.80963 7.67834
9.3081 6.95359
0.255398 3.00448
7.78675 6.75211
0.716208 0.777929
8.54732 3.20569
7.26741 6.97663
7.44452 9.90312
7.49634 7.41566
3.20601 3.99265
1.27061 1.05498
5.17663 9.36509
2.53785 4.63489
8.15631 7.26541
9.556 0.736453
2.85738 8.77869
4.56966 5.61345
1.91941 9.19972
4.19536 1.05293
7.83576 3.29864
2.70052 6.23316
7.70551 1.13777
8.14155 4.3317
1.98583 3.37494
0.416141 3.02156
5.29656 9.85842
2.91143 2.67192
6.15701 6.47762
2.83053 9.9259
9.44245 2.07622
5.41272 3.66624
3.27496 3.86912
9.37732 4.36085
6.48857 0.894772
0.565037 5.85374
6.28689 1.762
6.24482 9.36983
9.00168 9.63754
8.94454 6.91435
8.37808 9.78662
3.8901 2.61825
6.70763 9.56688
0.742484 2.68182
