6.46304 7.83891
3.56719 2.48546
2.50032 5.17401
4.50342 1.02908
9.72829 7.38913
9.26882 9.77002
4.07419 0.179371
8.53987 9.12753
3.41896 5.72953
0.602868 6.68596
0.146855 1.59004
6.89869 9.20651
0.329795 5.68262
3.25413 2.23499
5.07503 5.65201
0.610296 0.615589
8.71587 8.62083
8.66116 3.16702
3.13517 5.0136
4.34481 0.568843
1.77943 4.36593
8.44179 2.94921
7.16082 2.63789
3.9998 2.64266
2.81101 8.91948
9.63252 5.61668
5.10598 4.54892
2.437 6.62439
5.53902 2.21294
1.93438 7.81881
8.29734 3.57503
4.21958 7.67387
7.56704 8.87738
1.64054 3.29214
1.51545 8.24987
9.7709 7.66583
8.20313 7.14893
2.38248 8.703
0.713044 8.04459
5.14385 2.68674
5.85378 9.89315
3.5043 7.18466
8.15557 1.43134
6.01373 0.720255
8.68302 0.348503
6.81825 5.16673
9.7791 0.917555
6.79849 6.83908
3.86455 8.34067
5.35781 1.3481
2.2776 7.52058
7.98023 6.89198
