6.67485 3.05879
4.17175 8.92614
8.15288 2.29255
1.28142 2.53309
9.06642 5.98171
4.48541 4.06536
9.11795 9.47226
3.71654 6.32914
3.83322 0.804076
1.63772 5.31831
3.83273 0.205557
7.13526 9.16846
7.4508 5.66445
8.21033 4.32954
3.78671 8.33486
6.35418 5.47359
4.4757 3.91121
3.0643 8.60603
1.5654 6.97486
9.91168 4.71621
7.02148 1.89737
3.58751 4.5711
7.94393 2.27166
8.06175 0.216958
2.80686 0.3547
8.37409 2.47039
7.21378 3.93879
1.94927 1.32089
1.2394 9.26299
7.71118 5.47117
8.9291 1.9451
2.22006 2.13085
3.62492 4.61387
8.17876 7.55829
0.0691506 6.55739
1.30759 4.85435
3.11316 2.02181
6.17183 6.68456
1.978 5.53223
2.75774 3.13764
7.61659 2.80238
0.830758 9.34098
2.44261 8.22222
2.74755 9.90121
3.7534 6.62711
8.2814 2.75278
5.76531 5.17667
4.43059 0.273548
1.85955 0.484654
1.57908 6.56972
9.59353 0.460684
6.80529 2.19399
9.30089 3.11372
3.34119 3.20072
7.41642 5.11688
0.318145 4.19953
9.58528 7.75026
7.03224 0.276111
