7.43106 8.01285
9.43843 8.35919
5.63009 0.429106
1.53938 2.76368
3.65309 6.42764
3.28911 6.51481
7.81769 3.309
1.68767 2.54874
0.338072 6.15189
3.17842 3.39428
0.0385062 2.19826
1.48345 3.65727
5.15201 6.30024
2.95456 3.03538
7.27644 0.287814
3.23751 3.89052
9.35622 2.61811
1.36757 5.50671
3.71767 6.65035
0.666484 2.98472
9.70003 2.75537
1.55647 9.71698
0.35978 0.878778
9.60488 5.11483
6.97259 4.47783
0.329772 4.67441
6.22583 9.20543
9.22632 0.693382
8.69775 2.05629
3.99655 6.7694
6.47018 7.95572
6.95914 8.63956
1.32087 2.80972
3.1834 5.698
8.66852 9.32492
7.31367 1.47999
9.69899 0.451489
3.4038 9.48037
2.0452 2.21831
5.78296 0.248631
0.861514 9.49401
5.75755 5.41385
0.228769 7.53411
7.47655 3.47108
1.99381 7.72762
5.98549 4.54775
3.15511 2.6879
2.05483 5.81821
8.28471 0.926904
0.811339 6.07987
4.52189 6.78336
1.0797 7.9486
5.59958 1.10238
9.0949 0.264709
7.12564 8.01016
2.88821 8.89626
8.66777 9.54945
4.22524 9.00071
