6.60635 8.8378
5.08986 1.71867
0.303132 7.56041
9.95133 5.46645
4.95881 4.85988
0.555515 2.02078
7.15974 0.634487
2.14332 9.99472
3.19994 8.70131
0.941797 5.89864
4.13067 4.23666
7.34014 4.71618
1.39043 5.38341
6.91771 9.10937
0.0162954 6.97451
1.67741 2.71701
4.39377 1.17819
8.07271 5.36608
9.26337 3.92596
4.00913 4.2221
1.95156 0.0285508
0.0957583 1.25774
2.03968 9.33685
9.65944 3.7777
7.72816 0.415231
0.781906 4.09485
0.190981 7.48007
6.90174 9.12808
3.41419 5.91691
5.71959 7.75585
9.31858 9.46948
3.30734 1.21616
9.82437 0.685339
9.05727 3.88509
9.27706 2.51115
7.92524 2.79063
1.10725 7.97949
6.41557 7.75786
9.29807 8.4725
3.82519 5.0956
7.56868 2.22423
5.75316 1.28499
