6.2323 5.64915
9.85475 3.67389
7.95837 7.61857
7.9953 6.02944
3.79137 4.59849
1.98374 6.29882
5.33279 5.18271
3.93693 5.85884
2.45068 8.94051
9.14793 5.4672
0.90093 9.35518
7.60314 9.09866
8.37548 7.30357
0.0147028 7.5931
2.43131 3.08141
3.72526 7.74023
7.42555 0.0766447
9.61124 9.43203
0.125948 6.87106
7.80746 4.28883
2.93148 3.01339
0.117102 3.8663
7.6463 6.40167
1.31419 7.27348
1.75705 3.96384
5.03363 7.1615
9.29669 7.82046
8.83669 5.98761
8.73867 5.43402
4.17902 9.95757
6.05517 0.372609
8.4754 8.1412
7.38844 4.08178
5.20173 7.44225
8.4435 8.55847
6.60789 0.0908864
0.373457 9.88384
0.77061 9.90292
4.06359 8.18411
6.20853 7.70221
1.48735 9.97047
0.601446 3.37238
2.54377 4.01557
1.16998 0.179275
