6.71081 0.915487
9.85763 1.946
6.99886 9.93743
1.82421 1.76718
2.80322 5.52514
8.83408 8.57718
9.32942 6.79645
9.77768 9.92708
6.3742 5.09642
1.80547 0.366224
5.35605 9.11092
3.65231 0.811512
7.85725 9.57788
1.00716 3.7562
8.95648 2.79601
8.37896 2.03345
7.71512 8.92429
4.27249 5.69944
1.84903 9.64409
7.86631 7.00005
0.0575208 2.11399
0.513155 9.20411
6.7403 1.97847
9.00949 1.30677
0.955246 7.12202
7.08132 0.755971
1.33208 5.16992
4.66001 1.64661
8.5537 9.31349
8.18472 0.100009
0.699372 3.1282
5.06326 9.3617
9.7179 9.46715
7.88185 5.09591
7.50223 9.42347
0.134325 9.99637
5.5866 6.93843
6.71145 3.42429
9.18048 5.77778
1.01621 9.61637
