9.84324 1.67125
3.94095 3.98301
1.16944 1.7622
9.38562 4.62005
6.07345 1.5463
7.00018 0.158191
6.77707 2.58968
7.5551 9.20275
3.4039 6.33863
5.32702 1.08033
6.54731 8.20911
4.0536 1.11182
0.913991 7.3838
6.59182 9.15965
4.41458 2.18421
9.2547 1.47711
3.24646 8.94631
1.81604 7.82264
1.99982 5.42681
3.45475 7.79679
5.16764 3.32249
2.38428 5.99918
1.16632 5.70105
4.09441 3.37756
5.85718 1.03356
9.21518 4.21025
8.9292 9.33431
9.24277 5.60722
8.73408 9.60522
7.64543 0.683372
3.85432 5.97772
8.00198 5.80147
8.52672 7.28493
5.02984 0.265971
3.68386 4.77349
2.57877 7.24809
5.26181 4.36765
1.64536 3.43689
4.81626 8.60466
6.32939 1.3722
1.42917 9.76146
8.39629 3.16412
4.59699 4.91361
6.27017 5.57889
