4.36532 6.89538
3.07991 5.36917
3.50699 8.02047
5.43466 1.54462
4.63998 7.71204
6.60775 2.14617
8.26565 1.78334
7.20009 1.82613
0.344558 6.75703
4.72563 7.91689
1.24864 2.51644
2.39959 6.94693
6.70174 6.60668
0.664365 7.26482
7.2127 7.68685
2.64135 3.29229
1.80836 7.74574
6.17961 1.50526
1.59581 0.747824
9.49927 3.52331
9.68313 4.52223
9.30491 8.32685
1.68303 2.4405
6.03898 4.0244
3.03687 6.18788
8.65749 7.24871
2.50366 5.55034
7.81889 3.86123
3.85644 3.3492
2.74673 2.87673
8.05691 9.65591
2.07334 0.0936002
0.628458 4.02075
6.55094 6.13743
0.187288 2.17183
4.01033 1.61997
7.47013 5.62146
6.71166 9.30214
1.41427 4.06355
0.34179 1.31728
8.92826 3.58158
4.21095 1.657
4.59224 3.79179
0.840195 9.33521
4.70382 1.4327
3.54933 7.70885
0.218502 8.65622
8.09285 1.05063
