1.85953 0.779255
7.60342 5.03563
7.08455 9.98336
9.2471 5.18623
8.85328 5.50775
3.76262 1.15636
8.06482 0.334796
9.65621 7.60394
5.89268 3.68075
0.23141 0.454429
3.33406 0.90348
8.54663 2.87785
1.50237 3.76751
4.69846 3.93623
8.78042 6.97824
0.62006 4.6385
9.82981 8.60285
9.61339 2.8085
2.95428 7.40734
5.09085 8.09238
9.89183 7.90126
2.47217 3.71181
1.12128 2.00523
0.0874799 1.21257
8.18555 6.29727
1.47943 0.453582
3.7775 1.77747
2.63012 8.1947
0.946852 1.82196
7.90259 3.54442
7.002 8.33627
7.32488 6.41581
5.85311 2.76885
2.87759 9.99044
3.6719 5.4666
3.79169 1.63156
8.17531 2.29212
7.42467 6.21636
7.751 3.16212
9.55633 4.21176
3.31183 1.8421
6.42185 0.608406
7.54768 1.71816
0.100524 2.57822
7.05966 5.53256
0.815099 8.58891
2.51129 7.07258
7.9314 9.4301
9.0489 1.34304
5.29028 4.72156
