1.91315 8.37959
4.29351 8.08703
4.02822 8.89869
8.83281 7.55815
9.77112 2.3891
8.21189 6.56093
4.08461 4.29877
1.7004 7.26057
3.73184 5.14062
5.1409 3.13891
8.23569 0.200353
9.0553 9.90433
6.04465 8.92137
1.1261 5.2596
6.1212 4.98446
9.11573 3.16054
7.46982 9.95136
4.12888 6.50442
7.36914 4.19043
0.644414 1.51285
1.43326 6.93593
6.70996 3.52558
6.31367 7.40439
0.835372 5.00205
8.69068 5.36872
2.0057 3.20486
4.94252 8.14904
4.35351 5.37772
8.52968 2.1572
9.38618 6.27206
6.89797 5.23538
3.68074 1.26961
3.75685 4.61696
6.18388 9.82229
2.7141 3.53703
9.818 5.4275
3.98024 3.11057
1.42121 6.30392
7.04828 0.501538
2.49789 0.19013
8.0997 8.40953
9.57891 7.67444
4.92131 2.3081
1.31272 7.01736
6.17499 0.295539
1.55899 2.71362
1.39918 8.50402
0.340925 7.53834
0.705119 7.81874
8.28795 0.24391
0.00110467 4.64692
1.9172 8.54241
8.46876 8.83585
9.57177 3.6637
3.57541 1.50934
8.25427 9.10855
