5.56606 1.2581
8.52169 7.43956
2.98465 5.05972
8.44733 1.21033
8.23091 6.53587
5.58051 2.63172
1.35985 2.38575
1.10737 2.56034
3.0108 6.88293
6.12088 5.32309
4.46475 3.89017
4.16156 3.80371
3.2886 2.1593
2.88146 5.70937
4.45115 1.04915
3.19631 5.06115
5.31612 7.21872
4.34624 4.76237
8.73507 2.98098
9.22975 6.74554
7.04207 2.27617
6.21942 2.46921
1.88542 6.99653
7.38782 5.18012
2.17865 7.39631
7.68733 6.29755
4.31664 6.7359
0.0126943 6.37721
6.26198 3.45964
4.83406 4.06795
3.13938 8.47643
6.9283 1.71594
0.0427597 9.55491
1.89687 6.79384
8.51629 3.31483
9.85688 4.54744
7.80095 8.8134
6.64077 1.75009
0.946743 0.779907
5.11863 8.00808
2.33352 2.64335
7.71727 7.20602
1.846 9.31668
7.60091 4.37227
4.6679 3.98551
0.470877 4.85369
6.31722 7.35311
5.5873 5.19575
