6.87895 7.02933
5.44649 9.10013
3.71933 3.35339
5.92533 1.07178
9.00291 1.76862
2.07777 6.3623
0.974514 0.519998
2.68528 7.79034
8.36252 2.3941
2.04136 7.39553
5.40959 8.6669
2.75178 2.59233
3.99499 2.82383
9.47814 6.96189
2.71373 0.97166
0.144114 5.05646
2.84815 1.45231
3.63453 9.90714
9.7906 1.64412
2.67025 5.70513
3.63335 3.97787
5.51271 6.69603
1.63827 7.88732
5.30718 5.32658
4.57447 4.80759
5.63927 8.80232
4.02677 5.26099
6.1088 7.75177
1.68045 7.62435
1.80746 8.3636
1.177 1.3848
6.45264 3.84823
1.25391 9.00745
8.96837 4.36085
3.59379 3.95235
0.692219 4.06929
8.7944 3.66561
0.949244 1.31883
8.09901 5.28773
4.87521 1.04884
2.97939 1.00555
5.37788 9.81226
4.22147 1.81484
7.42895 0.753254
