7.40377 7.15436
9.17184 0.627362
9.22407 7.30123
0.0397871 9.96421
1.0316 1.46674
5.26105 7.94422
8.40036 0.0916408
9.68247 3.99659
0.173494 3.89068
5.92012 5.97467
8.09605 7.69303
9.07712 9.83023
1.31901 4.37868
0.252854 9.04083
7.4015 4.69023
2.84895 9.47107
9.00562 7.93014
0.803569 0.486743
2.25044 7.85535
9.10958 9.42906
2.85464 6.84957
8.31734 6.85858
4.33025 2.02397
8.52483 8.89577
5.84893 0.572655
8.68016 2.98621
7.10732 0.538576
7.4964 8.36367
9.7669 8.63478
3.79292 2.63612
2.02714 7.30774
5.22433 6.54943
1.57577 4.50681
3.47565 8.98011
9.10086 3.28269
7.14667 1.64262
5.90221 3.84767
2.23289 2.61557
6.29778 9.75882
0.0720813 3.84186
9.27006 2.68728
4.3074 2.3433
6.86287 0.0129719
2.68061 0.741009
9.08183 9.82731
0.659166 2.03017
3.79564 8.46411
7.29485 9.69039
0.260491 2.37392
2.10125 2.43046
2.55511 2.57006
4.98827 5.89623
2.47871 0.83586
4.98648 7.72595
1.59307 3.32902
5.72208 6.11681
7.22109 8.82436
1.08685 8.07903
