8.39252 6.57705
5.29663 0.129883
0.59799 3.45783
2.28796 2.4642
1.87616 8.07989
2.71792 1.41877
8.15236 2.4755
9.72814 2.85181
1.48288 9.11251
2.5444 1.46329
2.07542 4.95425
0.795189 8.43983
1.50297 6.29106
4.83952 2.26672
1.75121 2.38054
1.38937 7.63991
2.41099 7.85688
1.77452 8.36931
4.38723 9.00418
0.95807 3.2319
5.52318 3.23339
3.62174 3.81547
2.01947 9.0382
6.49 0.661902
7.33882 0.406056
6.16231 3.10425
9.25889 7.68751
3.1786 4.6607
1.07787 3.589
8.31686 1.61171
5.34127 3.27621
0.0957169 1.88347
3.19736 4.57193
6.35919 5.08749
8.41023 4.09019
9.73189 5.84762
9.35087 2.6716
6.17843 9.46423
7.78744 4.32038
4.66998 3.59373
0.881819 7.70069
6.30309 1.70684
