1.00477 5.60388
6.04301 8.23042
3.0843 7.35288
2.1016 6.32721
6.58026 4.1266
2.20817 2.43427
5.27272 1.52077
1.61774 8.94391
0.422871 2.85553
6.17185 2.68048
7.38015 0.225131
4.61666 1.22417
1.32377 1.61994
8.58675 7.19297
5.21013 8.95023
3.97029 7.32616
3.8727 6.29503
1.28019 2.73658
1.55091 2.03609
2.73896 9.09155
4.64318 0.592036
0.451171 1.54148
9.15669 4.68827
1.65084 9.14617
3.65938 2.55191
9.85381 8.1598
8.44738 3.5759
1.37622 8.72251
0.618028 5.86762
6.44942 4.28699
2.8598 6.57758
3.68705 3.31169
7.48446 6.50597
3.12215 5.65039
7.17908 7.507
7.12667 7.08469
1.6646 4.61236
6.97673 8.74725
6.71679 7.81481
4.95724 5.43097
8.0544 5.57222
8.37447 6.52075
