3.63662 0.545898
1.91617 2.22502
4.93626 1.82843
6.80638 5.84324
6.28449 2.89033
1.69488 1.13683
0.697124 2.80376
5.90863 3.90305
7.75861 1.75248
8.50409 3.42743
5.04105 6.12525
1.54716 7.69703
6.26166 9.43879
6.92104 6.53991
5.23612 1.45979
6.54316 5.75457
4.81648 2.067
1.50784 5.68199
5.16044 8.98603
4.88979 7.4423
6.36507 1.67065
7.8648 3.36903
0.37769 0.810502
7.18793 6.61731
9.4772 0.599179
7.78519 6.13172
7.68845 7.53017
1.58936 0.309304
2.42762 8.00169
2.9681 8.56438
8.97537 6.79869
6.73326 5.75493
2.58481 7.76834
8.97298 4.7753
3.06446 5.24815
8.56588 9.60097
1.52325 6.23361
4.65831 0.990909
3.74778 2.44731
9.64885 4.01762
2.52492 7.4663
3.18358 4.1351
7.98269 1.36174
5.94742 9.59805
0.203779 5.33719
4.06448 8.34152
