7.50078 7.89902
1.69863 5.14525
1.10411 0.608016
6.37665 4.12818
8.79568 0.41982
4.06384 9.29443
5.71224 9.31382
6.85714 7.20465
9.51403 9.6516
8.46519 3.07666
1.45203 6.12177
2.24705 8.77457
7.70752 9.64692
1.77726 6.65626
7.94046 4.56622
5.2186 1.97556
9.56322 0.378375
3.27139 5.59895
7.28124 6.73715
5.60405 9.29943
1.61009 4.09852
8.86243 0.324968
7.40862 9.17866
0.868011 6.54142
0.411351 4.05422
0.536459 8.1126
0.254052 3.18134
6.52534 2.57568
2.33714 3.58871
8.60441 5.84261
5.02499 7.95202
3.49265 1.42823
5.9649 9.89168
1.49455 1.62168
1.1189 6.22759
2.54268 3.62103
2.929 3.25265
4.70681 5.04319
