4.99444 2.05453
1.11818 3.74258
7.25243 8.7789
1.42826 4.56613
5.08297 5.99193
9.81319 1.8126
2.69914 4.05101
1.69507 2.52199
0.302037 4.03404
4.26708 7.23512
4.18301 6.5244
9.14448 5.65367
9.8851 4.28863
1.40172 9.94481
2.13215 2.39644
8.80344 9.80054
3.83882 9.61189
2.83643 8.10719
7.45452 2.00104
0.753828 4.85453
3.71666 5.39557
0.57108 3.55942
4.78172 1.73815
9.14724 3.94332
4.95367 4.62142
7.91289 8.57389
1.44913 8.81725
0.313694 0.804007
9.50707 3.34773
8.55873 4.26868
4.9577 7.68482
2.59057 6.27438
6.80713 5.24365
6.61042 4.59763
1.86946 5.41552
9.29187 4.98543
8.08594 7.13922
3.01261 8.65201
0.909738 0.443888
0.323212 4.43722
1.93252 1.92245
6.36359 3.20815
