9.27979 9.81232
1.45867 1.28012
4.42698 5.8
4.55331 2.12064
1.04472 8.79322
7.4891 5.09558
4.73241 0.0073136
1.53856 8.45678
5.47989 5.90777
3.56788 9.13864
3.53094 4.26585
4.14874 0.70632
9.302 2.19877
6.64878 8.34064
3.10839 0.888163
8.47672 4.28698
3.5234 9.67168
6.94573 2.55026
7.57208 4.18656
0.566029 2.21276
7.6213 8.67741
7.45505 0.808713
8.45775 2.68943
6.66435 0.47093
1.7223 4.37231
5.85916 5.18333
3.09295 7.4464
3.47239 9.94
1.15923 2.28791
6.61989 4.76695
6.63855 7.09645
2.38092 2.06738
2.79528 2.04959
6.28132 0.620244
6.39791 3.71393
4.81825 5.96045
7.80341 9.56152
3.24977 9.79174
1.55504 6.12741
2.39125 0.615227
4.01725 7.18248
3.12876 1.04279
7.07852 4.58424
9.08984 7.91718
8.86536 7.8691
5.01183 6.98354
