5.8297 4.52309
0.21381 7.85831
7.1202 7.04743
1.8699 5.10181
5.97108 4.74023
6.50998 7.48547
2.88333 3.31083
2.12613 7.23809
9.63631 6.8927
0.509125 8.59496
6.89547 5.90154
7.95884 5.38148
4.88187 4.19142
3.31152 9.00599
6.29616 3.16367
8.27278 7.6937
5.63423 0.660927
1.59942 7.35661
9.1476 9.55701
3.05011 4.95113
5.96865 3.46591
7.42067 0.885207
2.98304 6.1041
3.20019 0.153836
2.13301 0.73969
1.4734 2.52106
4.40752 2.19802
2.8664 7.47742
7.03712 7.29804
5.7492 6.61964
6.94657 5.91668
9.52655 7.68055
0.473328 5.64093
5.65872 5.30574
8.18387 1.14012
2.36584 4.34333
4.91359 9.55437
4.92891 2.04371
9.31365 5.91581
9.15883 1.57882
7.5347 6.38133
9.84719 8.61676
9.34818 7.76534
7.50732 8.37808
