9.55004 8.30022
8.48075 7.67551
9.64941 1.57748
9.69515 8.2166
8.5251 8.48827
9.13446 8.44306
2.86719 1.74462
1.47133 2.6246
7.0804 6.97107
0.675742 9.87138
2.16879 3.75445
5.45342 1.38245
9.07754 8.95828
0.212497 3.21915
9.97368 7.00132
3.69358 6.65121
1.84217 0.618843
9.93712 7.23854
5.18788 9.45833
8.57421 6.16734
8.43307 7.57253
1.92531 9.57261
5.39383 5.19071
6.92327 4.19284
5.73346 5.63584
4.92584 1.40416
4.20619 7.96256
8.09336 8.74843
3.00265 1.40439
9.75188 8.63051
1.37357 7.33247
3.56214 5.74134
1.28749 8.21399
0.894294 9.49689
3.34529 4.3691
9.50671 7.24978
4.57207 5.1515
6.7614 9.14132
3.85645 5.22369
7.44246 4.65055
6.57862 7.67252
9.1234 3.43282
0.665112 3.5811
6.88484 2.18645
