6.52947 7.27791
8.56031 3.21625
7.87013 2.01863
5.68037 7.86882
1.3039 5.12613
6.86637 9.68334
4.1741 1.45656
9.23572 6.57322
2.79356 9.4493
9.38719 4.51477
7.63295 4.6447
4.75682 0.858055
7.75883 8.87651
9.73041 4.61822
4.0983 3.91497
3.49053 8.67998
2.03828 4.22817
9.05142 4.21924
4.6448 3.44945
0.543415 7.00403
3.42521 3.67575
5.05291 9.93172
2.76032 6.14995
0.272871 0.430749
3.00158 7.2728
2.47034 2.92766
2.88767 7.0088
7.49281 7.61644
3.51716 1.47723
3.65516 9.38576
2.91808 6.72269
5.46069 6.63588
4.10408 5.51528
8.05626 3.40414
9.7094 5.10403
5.59809 5.67162
