9.66328 9.66064
0.11644 0.391259
8.3191 7.8111
2.22897 3.17933
3.14982 3.4853
5.99577 2.48195
4.59498 3.58076
2.38837 6.10479
9.74553 1.7643
7.84965 3.70507
3.70826 3.68168
6.42858 1.97667
9.46094 4.42983
1.84834 2.07988
2.07674 4.49374
1.15138 2.08565
5.49281 0.731216
4.26367 6.90972
1.66231 2.48202
1.12193 4.89018
4.51294 3.02223
0.623235 2.68083
9.42041 0.895612
3.99947 2.87823
8.97359 1.53882
2.2194 6.67992
1.59851 0.872466
1.63891 1.86913
3.85296 0.249812
9.14899 8.7367
5.82461 0.685758
9.32465 3.80807
6.33692 7.49168
8.37998 7.94524
9.44542 8.31667
1.55978 1.0892
1.0264 5.75056
2.8346 3.01105
