8.91667 2.3644
3.83924 6.30247
7.57532 4.3724
8.01332 8.34895
7.66768 4.63897
4.03946 8.67699
3.62383 7.60556
8.90664 0.0967548
5.90216 5.31032
4.72057 7.49152
5.01291 0.545407
8.14117 2.89801
3.24934 6.59747
0.921119 2.93456
7.74555 4.22884
1.32876 1.29349
7.49987 3.84799
8.48959 0.773706
5.10456 5.36724
9.37113 3.32338
6.94972 3.08893
4.13763 9.59819
0.0172155 0.941034
2.83146 9.09904
3.56955 2.72758
1.01596 8.81459
4.54402 9.91705
2.33773 3.65321
3.08794 2.03233
5.67739 0.832266
0.620373 5.09661
8.83177 3.03959
3.22399 3.73502
0.320588 4.23091
1.22259 3.98812
1.89242 8.80007
9.05368 9.61082
4.60325 5.15329
7.59462 3.87571
1.8252 8.23547
0.944903 2.35684
4.6017 9.17639
