0.405241 1.33064
0.0147899 8.94028
7.81701 4.66126
7.5527 6.79984
0.757715 9.72345
4.61501 4.19242
6.47036 1.48971
4.43319 5.59778
3.23923 1.4139
5.5577 6.30716
6.2989 5.47131
0.742132 8.79626
8.29724 1.98786
7.7659 1.37791
0.436857 5.05121
4.61097 7.59258
4.94186 0.39254
7.06194 4.48582
2.08077 0.805409
8.80482 1.19423
0.994982 4.88711
3.85481 9.05541
1.25159 0.805269
1.80445 8.85244
7.13578 2.60372
7.92117 0.969691
0.106075 3.67518
6.40445 9.52512
0.976319 2.27852
6.72109 2.23017
5.31643 2.21626
9.6766 7.20007
7.79779 9.75036
7.76016 3.68918
5.32309 0.621449
5.8663 6.79593
1.57104 1.85548
7.71555 7.02929
7.41412 2.51646
8.23204 1.22672
9.6175 8.70935
9.84097 7.97612
5.25038 6.62081
4.68343 6.45312
4.17607 1.11529
5.10486 6.36203
7.31675 2.2572
7.95875 7.36651
9.77742 5.80873
0.865782 8.25487
2.63991 9.63164
9.23295 3.11116
1.55679 7.05199
5.59302 2.43368
5.72887 6.57017
5.2255 3.48778
9.41185 7.73038
1.18917 5.72707
