4.44204 2.4674
6.16461 8.17978
0.198908 8.10676
4.03655 6.34347
0.0922562 1.59331
7.11565 7.75903
6.36759 5.56801
7.7951 4.07053
0.452936 5.93229
7.11144 2.18564
7.90894 7.02847
2.56127 8.73664
7.29377 2.98995
9.92948 4.36086
6.63421 3.39682
5.07938 5.96564
8.04555 0.258503
6.7628 1.89835
6.62371 8.11551
7.61625 8.14891
4.13565 4.45455
9.33272 7.73295
4.43778 1.60869
1.14364 6.75381
3.29965 4.64588
0.270793 9.38747
1.41134 3.31599
2.43383 2.37512
9.33979 5.40844
1.51469 4.88374
8.41396 0.767825
8.43974 5.26514
1.21468 2.08048
0.896056 0.997028
4.05314 7.12954
6.03264 0.935357
4.46482 4.97672
7.27564 5.63401
3.96451 7.61769
5.97118 1.77464
9.15824 8.61862
4.39484 2.71153
5.93714 6.72447
1.38019 0.887772
1.88384 2.08726
8.18576 9.77723
0.825883 2.19372
6.7453 6.96518
9.43526 1.0163
8.04874 0.975275
1.33147 5.6061
2.88494 2.89858
7.46951 6.31168
6.02715 7.15035
3.75137 5.83075
0.473364 8.14068
5.10122 2.00776
7.0431 5.21406
