2.88332 7.42953
3.32414 9.66944
5.52892 4.26797
7.58881 9.34006
8.03069 8.78337
2.94794 9.96964
2.38546 1.79223
0.00864785 2.51972
8.38911 9.97823
2.08645 9.71304
0.827403 2.53437
1.79967 4.58356
8.59101 7.55551
1.75131 4.15031
5.40176 8.15089
1.03899 1.68717
0.346488 6.27426
4.98822 2.32753
1.59572 0.191171
6.33609 2.5682
6.58632 3.18097
2.23267 7.78757
9.50836 9.66864
0.113082 2.27309
8.20995 9.70104
0.14364 6.55618
2.9682 9.39988
0.197539 2.20157
1.91522 4.61576
4.82098 9.38924
3.03598 4.37607
1.92004 7.73298
7.23298 4.93816
3.81949 1.19272
4.0003 5.72299
7.06505 4.03716
3.01524 7.62095
6.19818 0.592765
0.326076 0.73804
8.89456 7.58829
5.54623 3.50123
9.3104 3.30376
4.65664 0.127021
2.64474 2.0852
4.80628 6.18206
9.82155 3.73212
8.70712 2.27695
6.82477 4.2343
3.33489 6.48849
7.24387 8.00126
0.01893 2.68321
8.98016 5.96207
6.35157 9.18432
1.19539 4.98204
8.84891 0.210318
4.07945 2.28935
