5.96224 5.06557
3.54838 5.50372
8.26941 4.26899
0.419706 6.90363
0.897933 6.22861
1.45294 3.59144
1.00302 3.39853
7.98759 1.828
3.04406 2.75602
6.41488 1.30486
5.09534 2.01538
1.47616 8.64227
0.9403 1.04479
0.626274 2.09287
6.79271 2.2219
2.54094 1.88421
4.74096 7.19161
3.04171 6.69213
8.12434 4.12772
9.8388 5.52551
7.94517 7.11723
2.77443 4.80778
1.60444 6.02321
3.64551 4.23224
1.47027 3.10774
2.16494 4.95376
4.6915 2.3542
9.39674 6.50088
7.33597 3.65259
8.90834 1.29948
5.60658 8.64467
0.23576 1.47037
5.05762 0.700768
5.63562 7.03677
6.89404 0.906907
7.0184 9.53175
2.05393 2.83803
7.61436 0.498534
2.93726 3.59616
7.22245 4.7335
1.0786 4.84456
5.3541 9.64274
2.42065 2.46822
7.12169 9.45037
