7.14939 2.97384
8.37514 4.42139
0.884072 4.99938
0.817926 8.66986
6.86146 2.25234
3.20866 3.2512
1.23228 4.12922
7.43878 6.22323
0.545319 2.19703
7.14127 9.55492
0.642531 3.61736
2.38967 4.97117
3.02976 3.48422
1.87069 6.30614
4.64814 8.26874
2.0388 0.165492
7.79003 4.75894
6.00131 0.0310666
2.28307 3.43098
9.83096 4.08169
1.91736 0.653517
0.479227 6.08821
6.03942 3.58294
9.66272 3.29635
9.12178 8.58616
6.50233 8.19767
0.275853 4.57378
8.34788 6.39247
5.49235 6.89652
8.58803 0.0929411
5.11658 7.92004
5.87912 8.24732
2.67614 8.619
5.69407 1.13439
1.24928 3.98758
6.14468 6.72314
6.59143 3.41639
8.8921 3.6223
9.14262 3.12086
5.0624 8.99474
