7.5619 5.96675
8.4209 2.81478
0.166361 7.92403
6.81261 5.50996
8.24421 9.15516
3.84232 5.15845
5.60127 8.82255
6.58866 1.21007
5.10481 6.79237
4.00871 9.75189
1.73022 7.4408
0.965652 3.20597
3.94579 1.08279
7.67644 3.04431
5.98094 2.63785
9.12168 9.58678
2.58675 7.72661
1.11704 8.56383
6.9203 6.11207
1.03553 7.36903
7.84694 5.70104
6.35536 4.60586
7.57636 2.13675
8.59427 2.07686
8.32987 7.20998
3.969 9.82854
1.62114 0.985707
9.57981 1.17354
5.39249 3.26629
8.97208 7.87255
9.24433 5.96553
8.10366 6.07464
9.0903 3.32903
6.43364 3.21442
8.75603 5.94315
3.70702 5.85371
5.84465 4.25424
0.0966932 1.57817
6.28694 2.01178
5.91443 9.0551
7.26033 5.45551
5.89368 4.27161
3.27293 4.48549
0.164267 5.41839
7.93094 2.30299
1.99685 7.9638
8.23434 8.16443
0.33787 1.34223
7.85089 4.17947
6.25503 8.82769
5.19707 8.42336
4.36725 2.41554
1.47362 7.93859
8.94516 3.93911
8.43276 4.97501
8.47906 3.23468
