7.29371 9.38977
2.31624 2.79506
2.15773 6.72897
3.12078 1.90393
6.43603 6.9141
8.5738 5.23845
7.10725 9.99928
8.74396 5.46156
9.19331 0.880869
5.94504 7.03319
4.36984 1.13967
5.4739 7.55164
9.79216 4.03211
1.07207 0.819808
1.6774 7.71382
8.93808 8.89512
9.0793 7.86281
8.77074 6.58176
2.56273 8.189
4.82664 3.40389
9.83789 7.61021
7.28901 2.68435
2.00512 3.13524
5.01208 7.71038
3.24951 6.73173
4.19749 6.90814
3.1514 1.47116
6.23586 3.55296
4.38333 4.33236
6.38218 9.94116
9.25996 3.5838
0.0282228 1.10197
3.87592 8.37287
5.46587 3.95934
4.52033 2.1775
0.118522 3.26712
7.2379 6.72083
5.1091 5.64357
