6.78208 2.12371
0.484266 3.5423
4.44002 4.87523
2.99409 6.6019
9.74228 4.87118
5.33721 2.7194
5.66036 5.62612
2.26613 0.742881
7.81809 0.758876
0.995492 8.02855
9.45542 2.15444
2.20323 0.948542
6.95474 3.52521
7.67633 9.13546
0.830675 2.20546
3.03169 6.23809
2.3815 8.88176
2.42325 5.4769
2.52686 8.4509
9.51997 7.17747
1.16131 6.38894
6.39344 5.02108
8.32697 7.34955
4.89577 4.90228
9.67201 3.65007
9.10656 4.90092
2.18476 9.84553
5.55397 7.72182
2.99071 0.120245
5.81387 6.40312
7.20848 1.02392
8.80412 4.22769
5.61252 2.58748
4.42032 3.24756
8.1901 2.30933
6.35365 6.13181
9.29977 7.61469
4.90119 3.14842
6.4922 9.81864
5.43107 0.274799
6.72317 1.48847
4.03884 7.21362
