6.64306 6.4599
4.39522 5.98145
0.403606 9.35057
6.7189 6.32322
7.60251 9.13253
9.76284 7.08953
5.86609 2.36165
6.76801 9.48692
2.54285 2.63333
3.23942 3.83303
5.61671 0.719994
4.58406 7.44859
2.80393 5.66017
6.25102 3.34197
9.98672 6.35794
4.39686 1.59735
5.74821 1.75563
4.07596 6.85956
3.76294 9.75853
3.21302 2.37738
2.99113 6.30588
9.51283 1.54151
1.6992 2.25703
5.21115 3.32227
0.608007 3.33075
7.65479 2.39788
1.60673 3.92321
2.76266 4.96208
6.51512 3.17365
2.28918 1.19312
5.0669 4.42833
1.31554 6.89429
4.11711 7.793
7.82703 3.74657
7.99284 0.316693
5.83263 4.0984
