9.86309 5.11674
7.82124 0.245372
2.92546 7.3325
1.59723 5.45611
6.65103 3.37198
7.32609 8.15243
3.07553 8.0466
7.40099 7.63489
8.94213 2.55517
1.57916 3.03661
6.57792 4.54561
0.624151 8.5637
7.5459 3.62479
6.61785 7.27932
1.87269 6.41049
1.54855 6.09733
4.75921 9.62169
3.74358 7.37262
1.74309 7.82377
0.438821 3.70195
1.2957 1.34442
2.55539 6.53766
2.45811 9.50151
0.626292 1.53966
1.64862 4.99405
5.58137 1.40633
4.41765 9.2917
1.89939 9.68969
0.443877 2.96005
9.45603 5.78791
8.96998 6.5375
0.730306 9.83515
4.25427 9.60228
2.26144 1.87166
5.79996 0.59556
2.73058 0.741113
8.86176 0.243759
0.3253 7.10263
2.26224 4.27175
5.35697 5.81442
3.20383 0.17346
0.989722 8.37355
4.22244 2.05008
3.31788 8.24244
4.1665 2.81681
8.43689 4.44637
9.16139 1.44272
4.28404 9.44448
