7.69169 4.87872
9.37318 4.49616
5.35895 4.13182
2.0235 6.76013
2.06864 8.29802
0.728474 0.25687
2.78856 5.78892
9.08964 2.05152
8.12077 0.325045
8.35238 0.853879
5.70628 5.92854
3.80385 6.96664
4.18821 8.33335
1.57503 2.96008
0.779004 6.15497
1.54193 9.50453
1.19399 4.1181
2.66715 4.81441
5.84675 4.2646
9.25394 8.17133
6.1153 9.95949
0.500224 7.37993
9.93378 0.510523
0.284788 0.214904
4.11955 6.94318
0.453246 8.58537
4.4858 5.2984
3.50764 5.99059
3.51534 1.33583
9.93342 0.899792
6.26059 7.10072
8.08256 9.47932
0.693651 1.28463
7.33359 8.17314
2.65639 5.79551
7.72397 6.3701
2.52073 1.64104
1.83139 4.93588
4.07171 7.12067
4.88059 2.5766
9.66931 4.73508
9.93733 7.5808
9.23776 0.666687
8.76322 3.26921
4.63692 8.39396
4.73833 0.152705
1.05927 5.25586
4.44551 5.6402
9.58129 0.582
8.67933 0.964404
1.10017 0.354587
4.42631 3.2689
