2.0491 7.74006
9.66833 0.77433
3.66024 1.04461
7.09068 6.4696
1.84589 3.80476
8.67595 7.78262
7.14567 3.84654
4.82836 7.71392
9.57699 6.10062
8.4201 0.201236
4.4779 4.67129
4.54603 1.94679
2.65813 2.35628
9.70613 9.95925
4.12203 4.55064
5.96823 7.21368
4.34676 9.24472
0.840083 5.76625
1.99998 2.93912
2.24835 7.66488
3.48214 8.40653
6.93254 2.3053
5.939 0.799086
3.67831 1.59292
6.98799 6.97393
0.939202 9.78277
5.26814 9.3987
3.72446 4.94325
0.71991 0.126605
9.76487 5.64886
9.68344 6.85475
1.51457 8.03666
2.13291 5.01701
8.52633 6.80766
3.89853 4.56868
1.71577 4.18322
2.67869 6.18422
9.4172 6.53724
8.44587 7.87716
2.38593 7.26339
