7.59719 1.12339
6.7626 7.60761
3.15751 5.25215
1.56231 2.72931
3.36625 0.0257798
1.77612 4.40532
1.49721 1.44292
7.66541 4.59902
3.41734 4.01731
2.96453 4.67179
5.63005 0.881239
3.08614 5.33044
3.21198 5.42576
3.78073 1.22917
4.78033 2.99488
3.51341 9.82246
3.53438 6.33477
5.46342 3.52469
8.29885 7.47685
9.17184 5.11204
7.66316 5.95448
7.0442 1.987
1.50565 4.70639
5.09823 9.44531
3.33707 1.73741
0.784617 7.43124
0.710084 4.23017
0.300721 0.295827
3.09717 2.44088
3.80424 8.86599
1.74199 1.91196
8.56215 4.36426
1.58461 4.78686
2.09666 9.26113
6.61386 2.57142
1.84564 8.08823
0.882661 3.35206
5.1996 2.08617
6.22628 2.48456
3.00114 9.94342
0.542785 6.67083
6.79735 2.91755
3.30344 0.606568
0.17805 5.962
6.54374 5.81279
4.84534 2.02199
8.34931 4.25357
3.96106 8.71867
