9.44551 9.908
6.74076 9.02713
9.30989 5.99965
9.54349 6.34091
4.24093 9.14968
9.2319 0.09434
2.42713 8.01616
6.61804 4.6426
1.18867 6.83285
1.79444 1.3032
3.78235 8.56998
1.2646 2.48422
8.88802 3.06839
6.59736 4.57745
4.72594 8.5794
5.72414 1.57574
6.05313 5.76015
7.24746 3.7162
9.36627 3.79706
2.08532 0.380238
4.2222 7.25055
4.42181 1.30776
4.37599 8.10032
4.46595 2.16781
8.84023 9.30521
1.93977 1.37157
4.55988 0.94402
9.40149 0.213471
2.02706 0.600383
1.44634 2.95212
0.806485 2.32651
9.68164 3.76932
