6.67169 6.24906
5.54695 2.62174
9.794 5.40313
8.13733 1.18334
8.08753 1.80324
2.27936 4.15187
9.1616 8.46848
6.35571 1.20798
1.56721 3.28109
9.93835 2.57849
6.94678 3.58265
5.2524 0.455327
5.71147 8.19866
9.54344 9.3348
3.06856 9.23065
3.92791 4.15142
9.47675 9.16091
6.20608 6.28858
5.0656 2.17031
3.06363 0.446606
5.49637 2.09669
9.20665 3.59071
7.32067 9.65155
6.6599 7.14448
3.04423 3.52523
0.885319 6.39345
4.60847 2.89081
1.76462 2.67645
7.52308 9.27334
8.63394 2.21577
9.34882 4.15265
8.37628 0.201837
6.15612 7.19119
3.44001 9.35599
