6.92029 7.14377
8.81715 0.417829
8.58495 8.91075
6.37836 3.27014
5.01302 9.43166
3.63937 0.576201
3.1312 9.14094
8.91401 5.74762
4.78056 5.72384
4.96902 5.95966
1.91478 8.45217
5.87625 9.18945
6.31036 3.43717
5.78373 8.89275
3.38524 6.53303
0.849208 3.32946
5.95609 4.28687
6.64972 7.28055
4.82712 3.07155
9.73169 5.25817
5.0754 0.891773
8.67457 1.56118
0.644635 9.02108
3.64379 7.38863
4.56561 3.41614
1.13285 2.51848
3.17072 7.55557
7.06826 9.37831
3.88779 1.40967
8.93987 7.12154
1.27196 3.17432
6.99983 0.262271
5.56755 2.64397
9.10375 4.52069
9.39799 2.10906
7.17428 7.71125
7.27931 0.770107
0.0715948 9.22894
4.50394 2.36729
6.40063 1.16171
4.90884 8.98228
5.97237 7.01992
