4.0702 9.9232
0.874806 6.1135
9.69077 6.17473
3.81686 8.48872
7.12754 3.37292
1.96943 3.63593
0.307161 6.79854
1.81985 8.0622
5.693 3.81892
5.23742 3.03766
7.17334 6.8038
4.11546 7.58542
0.977714 4.61193
4.28728 1.6443
3.52323 0.538784
7.31663 0.594902
6.27495 7.92808
0.937655 8.28742
0.671709 7.00091
7.30725 7.01372
4.0335 7.0771
9.68753 4.66466
1.61038 2.96107
8.40902 3.30001
8.25968 3.75288
5.67354 0.678913
2.29863 5.55976
5.27918 2.30128
4.43529 8.33578
9.30813 7.11182
3.80966 6.88552
6.94468 1.83842
6.44411 2.45539
1.40107 8.23305
4.84663 8.57501
3.56186 3.04911
7.43547 9.95456
9.27358 6.10336
1.58382 9.22745
1.7335 8.67017
6.75782 8.18366
6.65851 1.66456
1.22245 8.47434
4.80414 3.36809
7.32869 2.69402
9.16129 4.30372
5.45241 3.12943
1.67805 4.39451
