9.25157 7.24691
1.6325 8.29967
0.600833 0.689046
8.31152 9.34921
7.15169 8.68163
1.68118 6.3492
6.51859 7.11778
5.61416 8.65528
1.36336 1.27267
1.93675 7.61896
8.99598 6.97386
2.98148 0.584011
7.89645 6.71803
7.53158 0.532289
7.7884 9.2585
4.79466 7.12935
3.43722 5.92433
3.20822 1.97859
6.11059 7.38584
8.30032 3.88348
2.33511 6.13991
2.33665 8.05261
1.39536 1.36434
1.08486 5.29961
5.78731 6.53
2.97582 5.41483
6.56532 9.21839
0.829385 2.03641
3.6235 6.77001
2.80524 3.86211
4.53626 5.20692
1.81559 2.23853
