4
2 1 2 2 1 2 2 2 1 2 2 2 2 2 1 
6
3 2 3 3 3 3 3 3 3 2 2 3 3 2 3 
8
2 3 3 3 4 4 3 3 3 3 3 3 3 3 3 
10
4 4 4 5 4 5 4 5 4 4 5 4 3 4 4 
12
4 5 5 4 5 6 6 4 5 5 4 4 5 5 4 
14
6 6 6 4 6 6 5 6 5 5 5 5 6 4 6 
16
5 6 6 6 6 6 5 5 6 6 6 7 6 5 7 
18
6 6 8 6 7 7 5 7 8 7 8 6 7 7 5 
20
7 7 7 7 8 8 6 9 8 8 7 8 7 7 7 
22
6 9 8 8 7 7 9 9 7 9 7 7 7 8 8 
24
9 9 8 10 9 10 8 9 8 8 9 8 8 7 8 
26
9 9 8 8 9 7 10 8 8 10 11 9 9 10 8 
28
11 9 12 11 8 9 8 10 8 10 10 10 10 9 10 
30
10 10 10 12 12 11 11 11 11 9 8 11 11 11 10 
32
11 11 10 10 10 11 10 13 13 11 11 9 11 13 10 
34
11 11 12 12 12 12 11 10 12 11 12 13 11 12 12 
36
13 13 14 11 11 11 13 12 10 12 10 13 12 11 13 
38
13 12 12 13 11 12 13 11 13 14 14 14 13 13 11 
40
13 13 11 14 16 16 13 13 14 14 13 12 13 12 13 
42
15 12 14 14 13 13 16 14 14 14 15 13 15 15 12 
44
15 15 14 17 15 13 12 13 14 14 14 14 14 15 15 
46
15 16 15 14 13 16 13 15 15 15 15 16 13 16 14 
48
16 17 13 15 15 15 19 16 16 14 17 16 15 15 17 
50
19 15 16 17 16 16 16 12 15 15 17 16 16 13 16 
52
18 14 15 17 18 17 16 17 18 16 12 19 15 19 15 
54
17 16 18 18 14 18 21 18 13 15 15 14 18 17 15 
56
18 20 18 16 17 16 16 15 21 15 17 17 19 18 19 
58
18 18 18 18 17 16 19 17 19 19 19 18 19 19 19 
